200
26 42 42 36 33 26 34 39 39 45 40 43 28 36 38 41 35 44 44 40 26 41 36 29 45 42 33 41 30 44 41 26 29 45 32 38 44 44 32 30 38 30 40 26 40 41 34 30 37 44 31 29 39 36 40 30 42 26 35 30 42 26 43 32 31 27 25 34 40 26 34 40 28 44 42 35 41 41 42 32 39 44 34 40 38 26 34 29 33 44 28 28 32 32 45 26 34 41 27 37 35 38 37 31 44 35 33 30 25 30 38 34 40 27 30 30 38 27 25 32 26 26 36 40 25 31 34 44 27 40 40 31 29 25 28 40 32 31 29 42 29 29 45 42 25 33 45 34 29 41 27 41 27 31 41 38 27 40 29 25 25 33 27 31 35 41 42 44 43 41 43 31 45 29 35 39 25 36 33 38 45 45 31 45 32 36 30 31 41 32 45 30 27 29 39 44 35 42 36 27
25
48 50 49 34 48 48 30 33 49 24 50 22 49 30 49 45 45 27 50 48 40 25 48 41 31
200
86 121
189 81
45 165
131 128
199 86
91 48
65 135
83 49
6 106
70 128
87 18
20 85
58 169
164 187
85 198
159 12
116 28
156 22
113 114
170 1
150 166
116 68
48 18
143 170
167 34
10 12
65 56
187 39
106 184
28 111
38 58
156 101
2 9
200 174
37 156
20 16
62 18
193 180
53 157
146 186
121 115
53 194
115 198
142 126
78 56
117 188
88 199
11 107
19 114
126 111
9 139
170 31
156 191
83 108
174 64
3 96
127 56
117 22
79 173
29 112
185 58
22 119
22 195
9 58
13 68
149 154
59 56
76 147
171 191
32 59
129 80
58 164
47 42
154 168
122 20
15 51
94 183
96 30
111 16
178 95
15 65
112 158
126 200
180 118
67 169
142 160
13 21
143 37
121 53
97 174
106 181
120 189
22 20
80 149
130 9
151 90
97 48
56 125
35 120
163 153
60 5
68 154
166 6
76 13
118 93
150 198
198 64
118 181
105 90
26 110
9 49
99 91
71 96
160 109
152 83
126 158
41 167
24 59
199 166
24 178
104 57
177 113
120 22
156 124
190 191
156 135
39 128
80 23
42 118
59 96
166 148
160 179
159 27
56 61
136 148
95 162
81 191
17 68
147 68
58 7
106 114
15 99
200 190
78 104
6 132
183 162
108 47
199 172
43 200
62 193
29 46
57 71
172 89
132 199
106 13
122 3
132 103
83 74
98 85
196 11
103 147
77 111
169 86
183 70
120 125
112 36
190 137
21 95
71 199
99 139
19 163
38 17
176 149
41 168
131 107
31 84
146 134
154 151
106 39
116 139
96 129
18 63
169 57
166 158
47 155
22 107
66 92
22 73
106 74
133 154
22 152
177 96
2 166
55 91
97 184
33 71
90 141
53 81
136 160
67 20