200
26 32 20 41 20 40 19 39 47 20 44 34 21 46 19 42 21 35 28 36 49 30 37 43 47 39 23 41 34 20 47 38 32 31 25 21 38 38 38 35 22 24 38 43 44 22 22 44 39 48 21 37 22 46 51 37 41 50 49 34 43 42 31 33 39 46 32 33 19 41 31 50 35 50 44 44 29 26 39 21 35 21 23 33 32 47 21 33 45 32 20 34 46 41 30 44 24 39 46 23 36 28 31 21 26 36 19 37 24 41 28 32 42 33 36 21 40 23 50 28 41 19 34 36 40 42 24 48 38 19 23 19 50 43 39 44 19 23 41 36 35 50 47 38 25 42 33 46 41 46 39 48 40 22 35 37 47 51 19 39 27 45 29 22 36 44 48 28 36 30 32 44 24 20 25 49 22 28 37 20 50 39 34 27 47 38 32 41 21 40 19 34 31 27 35 42 26 41 36 21
25
37 52 54 59 58 34 59 35 31 24 50 30 25 32 25 49 59 48 46 22 56 38 57 58 60
2000
96 115
3 79
4 75
143 124
77 34
145 115
83 103
123 107
174 193
39 41
114 169
122 183
153 151
11 60
38 88
145 171
180 38
3 186
19 163
140 145
142 138
51 44
92 19
66 54
198 50
73 5
120 36
23 157
72 137
140 81
173 102
80 136
127 7
190 104
197 173
154 119
92 56
117 24
86 166
196 65
118 6
59 189
97 112
143 109
23 43
81 110
126 72
54 79
155 136
180 85
125 127
182 16
103 150
111 119
68 121
88 105
48 24
78 39
62 146
12 83
147 196
37 138
16 109
4 119
18 58
106 156
27 97
104 154
187 39
111 62
31 117
34 139
81 40
181 53
170 64
76 31
161 89
64 12
160 77
167 26
104 4
196 181
27 67
124 160
149 9
157 65
17 197
106 6
75 5
110 117
69 12
6 93
144 45
149 107
161 71
15 173
147 197
186 77
106 185
91 120
77 178
185 83
194 133
14 134
89 75
164 101
83 77
126 71
171 121
32 11
73 131
85 19
80 69
32 14
8 95
6 25
191 63
13 108
151 185
46 45
183 94
54 195
67 121
5 71
107 28
28 182
88 55
46 138
70 28
89 96
83 128
92 24
186 29
111 54
177 147
72 48
38 100
48 91
22 94
55 156
143 62
163 54
109 98
178 118
182 44
9 48
49 69
9 140
29 141
77 105
71 59
86 173
69 185
173 129
113 108
167 172
76 50
8 105
116 12
144 100
140 158
87 93
112 1
108 157
53 104
160 82
45 29
76 7
6 15
106 59
157 28
107 200
13 50
144 62
169 87
176 143
123 131
33 166
107 178
191 62
155 121
116 93
187 149
6 61
120 138
58 97
93 181
129 149
149 91
135 75
106 51
155 127
33 170
29 100
74 111
169 85
67 22
61 106
190 157
137 84
7 113
91 40
181 82
110 135
73 40
137 35
73 109
106 97
165 179
150 130
23 89
151 48
28 81
39 28
81 26
197 138
53 102
198 1
91 3
13 15
198 147
123 50
78 23
30 117
110 10
122 123
128 32
71 18
175 196
159 93
14 193
114 178
139 66
113 35
78 59
72 161
120 71
128 64
21 152
156 1
106 82
90 173
60 78
162 181
182 54
148 143
164 88
27 60
13 147
91 23
170 39
193 130
117 181
142 22
156 32
153 191
19 124
188 34
60 178
34 109
102 97
117 174
181 48
40 62
191 140
131 69
182 137
24 68
101 125
76 176
65 96
59 129
88 81
71 171
78 98
83 139
117 88
47 116
46 199
79 78
73 34
49 100
53 177
161 145
168 70
97 16
10 193
180 92
51 159
101 35
176 9
96 117
158 147
87 103
104 63
135 13
126 39
4 64
189 198
188 194
52 171
87 113
137 160
41 128
44 1
193 180
184 145
200 66
123 124
187 125
155 166
155 116
105 137
140 197
12 104
108 47
39 7
120 37
43 69
171 56
56 159
70 55
194 42
101 146
111 129
75 160
166 110
76 108
173 166
139 43
192 134
18 125
62 163
89 194
188 165
115 184
200 139
171 11
57 109
172 180
141 103
22 184
177 16
26 66
40 54
189 10
127 158
108 107
47 30
199 30
82 118
184 84
105 129
148 116
101 135
200 140
169 154
64 190
21 46
140 177
88 4
20 88
191 64
118 41
37 87
138 144
146 157
44 8
141 6
5 8
79 92
119 116
87 106
75 133
200 141
187 54
37 59
132 75
40 159
14 116
5 124
194 48
106 63
14 115
137 133
95 80
116 76
87 59
153 144
36 133
114 151
123 82
29 153
35 50
44 94
125 76
46 134
93 78
51 5
64 150
170 175
170 98
163 75
65 94
42 109
139 99
51 191
139 169
76 41
198 95
131 18
191 55
174 70
154 10
63 93
58 79
61 28
196 25
15 7
59 11
55 17
74 80
165 60
181 63
136 123
172 121
96 73
55 85
127 137
2 122
10 23
43 56
98 10
29 127
164 60
25 68
125 25
128 121
72 51
9 172
74 23
179 19
32 18
93 185
82 184
144 143
34 19
70 88
104 27
103 120
46 170
187 64
57 78
192 23
159 8
23 75
32 138
92 148
186 89
128 75
14 21
101 74
28 144
52 179
146 136
22 57
47 7
25 63
91 183
77 161
62 155
188 153
190 46
1 124
68 114
195 102
196 51
147 91
15 135
61 3
97 46
156 107
148 86
19 102
56 172
193 194
146 159
177 85
189 62
18 13
43 131
196 60
2 111
154 19
115 91
101 47
139 97
68 90
81 181
129 180
96 53
55 2
146 64
156 64
107 174
49 8
183 113
120 141
122 98
190 150
194 156
196 13
26 84
27 62
171 3
78 22
25 85
109 85
24 130
126 163
61 159
52 103
128 143
41 29
85 44
129 43
139 116
89 104
34 150
60 86
190 88
18 20
177 95
137 60
45 132
178 163
69 21
165 191
150 172
164 96
77 86
1 184
166 104
37 143
80 180
12 58
73 78
83 179
149 12
164 1
152 198
118 15
32 44
78 58
147 86
80 93
100 27
124 119
45 96
43 3
92 50
198 181
13 88
98 85
144 64
107 5
52 7
39 193
143 36
197 190
43 191
94 187
54 24
61 40
189 82
136 91
21 176
74 109
93 70
80 26
80 109
167 76
143 65
25 82
66 41
166 97
45 26
164 43
99 74
27 123
42 106
196 110
91 41
196 199
166 130
194 99
186 191
21 78
16 85
196 96
93 134
10 103
177 167
50 31
1 142
87 61
26 21
192 167
70 146
44 87
116 55
71 179
22 92
174 29
89 178
90 59
82 79
27 2
13 25
51 43
31 6
128 18
102 172
77 90
143 47
65 80
31 8
61 34
160 178
33 41
25 176
83 92
183 96
24 100
24 4
8 32
128 4
156 8
78 175
123 161
143 74
49 120
65 58
53 140
93 164
76 59
17 128
25 139
169 9
44 102
54 146
195 14
64 125
37 130
29 145
123 162
163 11
154 45
123 173
25 114
137 118
55 60
163 186
178 166
143 66
23 177
100 124
140 138
22 137
22 88
108 15
65 123
23 173
38 98
157 151
134 33
165 86
104 28
167 91
99 175
68 1
1 133
101 97
150 138
103 191
196 39
137 36
59 96
3 114
162 194
138 151
199 176
188 92
88 108
88 12
15 158
140 90
41 165
12 40
106 69
5 140
155 45
137 176
163 33
67 37
196 66
72 35
8 133
1 177
152 96
146 13
115 3
76 142
110 38
128 191
199 24
109 132
199 158
123 30
26 41
153 97
114 108
161 3
170 131
170 23
27 41
79 126
23 42
112 195
113 42
38 48
186 115
46 6
35 158
172 126
170 132
120 187
88 66
105 199
63 56
150 13
80 85
91 193
184 60
56 121
80 179
162 122
132 174
174 179
87 157
155 190
32 70
40 118
47 43
191 122
21 137
69 4
175 54
159 49
121 90
152 97
176 101
103 179
176 130
79 61
77 146
183 72
136 41
193 36
34 180
57 191
160 60
156 192
28 63
62 184
199 182
68 134
13 28
38 25
200 38
117 159
95 124
140 65
119 42
91 100
195 58
111 174
123 165
103 192
126 116
4 77
63 147
45 20
123 90
140 58
183 161
30 42
166 139
159 118
111 101
54 94
134 196
186 189
87 163
171 165
128 92
178 86
122 101
55 95
89 99
141 193
98 187
52 82
71 168
129 32
20 83
180 155
149 49
75 178
104 102
78 148
33 139
181 110
29 44
51 77
74 38
34 155
103 44
139 72
192 88
152 161
179 32
55 137
59 98
127 118
125 182
48 25
47 67
20 59
155 25
121 21
148 106
180 191
62 83
82 101
193 41
34 22
130 137
158 149
132 5
141 108
75 31
66 182
163 108
6 137
165 97
151 92
57 37
151 111
77 1
113 133
3 69
22 172
50 175
20 70
181 33
95 189
94 48
24 78
60 179
130 114
174 82
97 84
185 92
125 9
138 125
151 26
78 61
17 84
162 75
49 123
84 173
142 199
172 54
58 118
9 182
200 67
19 50
26 20
153 130
135 97
63 77
5 193
193 74
14 13
116 29
88 14
178 176
113 161
46 95
153 197
188 14
103 155
165 80
186 8
138 143
81 155
77 145
97 121
185 79
165 56
152 178
48 116
199 37
130 171
28 171
118 36
132 118
49 196
67 79
1 59
88 185
198 24
139 192
36 23
188 102
44 127
160 136
4 99
78 54
145 104
61 56
151 52
50 30
51 94
197 123
175 194
1 180
76 24
132 127
81 66
116 51
41 139
122 184
89 49
155 30
139 138
176 74
71 2
58 27
194 62
37 53
5 122
58 173
61 85
162 81
64 18
168 139
12 45
150 188
109 79
130 119
75 39
131 173
171 153
12 162
132 16
116 18
198 199
38 169
115 62
41 57
80 27
76 6
23 52
171 97
147 98
101 184
181 16
99 171
159 67
15 64
187 33
92 17
26 5
16 106
5 41
93 195
179 147
13 34
23 150
71 98
8 52
128 118
42 9
118 173
6 173
30 132
171 83
71 146
151 123
57 183
29 142
24 150
14 26
169 145
84 171
148 61
197 56
107 55
168 11
73 41
155 177
103 62
147 142
14 148
107 187
171 20
16 139
123 115
82 166
26 74
121 105
190 196
74 179
134 54
161 165
99 97
8 123
26 78
59 18
90 7
190 179
19 186
115 65
145 1
79 121
111 19
46 169
185 197
165 150
26 198
3 44
134 171
183 90
79 151
130 102
24 40
52 149
82 30
66 114
144 104
197 127
41 63
51 17
185 17
29 184
133 179
159 43
192 99
145 149
164 32
155 69
35 199
193 131
22 79
64 11
50 73
196 117
18 27
28 142
90 158
35 110
170 55
176 92
170 116
98 57
10 44
17 115
67 120
1 65
181 42
140 178
75 189
77 25
143 3
2 76
40 141
98 11
40 151
53 78
186 136
141 126
195 136
2 9
182 73
19 88
26 140
126 150
4 7
146 110
161 102
198 82
104 92
51 16
162 143
24 155
34 152
63 10
38 87
160 100
86 172
167 63
117 194
12 50
56 35
37 34
56 76
26 106
119 147
68 46
112 199
99 110
36 178
42 143
176 20
125 194
99 162
176 157
110 188
65 178
102 164
135 158
8 16
61 94
4 144
150 70
61 161
183 86
106 182
141 159
158 108
11 29
159 23
139 170
172 103
200 65
127 74
172 186
102 43
73 113
21 45
35 24
93 23
158 23
51 122
17 58
155 58
80 47
132 62
99 176
86 7
61 88
132 166
150 112
180 123
109 35
90 102
155 61
78 174
191 48
19 200
163 144
76 29
188 72
172 199
47 12
110 102
69 152
140 175
140 83
51 185
173 126
46 120
170 113
39 70
175 35
10 118
79 108
59 70
107 121
156 44
136 182
61 137
136 19
116 19
138 198
35 162
118 107
46 28
97 70
141 125
22 198
154 3
101 98
17 153
80 134
105 70
117 44
82 33
180 58
145 43
16 18
190 125
85 154
24 161
17 137
3 121
37 133
9 195
41 142
86 162
63 113
118 168
55 164
109 55
72 145
18 44
160 111
121 22
92 9
183 190
177 130
100 150
5 160
169 123
54 32
13 136
91 178
185 24
26 193
119 127
193 88
109 56
33 153
162 148
180 189
3 148
49 109
37 125
33 103
167 133
158 85
177 196
43 98
99 140
171 78
196 54
152 108
24 99
20 19
20 188
142 46
40 192
174 156
45 150
98 82
11 135
66 24
107 60
53 156
167 139
94 89
200 91
163 164
29 107
50 83
145 139
158 184
49 165
84 46
130 111
141 45
12 34
82 128
150 143
130 148
105 4
97 66
96 128
33 182
170 114
44 38
132 22
34 184
60 138
28 135
10 13
109 66
99 22
120 61
146 144
92 152
107 11
105 124
7 104
200 70
169 149
130 90
33 60
189 92
30 121
37 119
87 175
143 84
166 31
26 123
186 162
62 76
100 52
85 156
52 70
158 166
142 13
119 21
144 71
51 19
92 140
107 87
57 74
126 52
82 34
104 148
36 65
188 95
119 3
9 109
166 137
196 40
160 155
48 186
50 6
24 194
66 162
142 189
55 48
8 170
152 61
57 69
50 87
56 103
130 121
157 195
45 84
73 183
173 73
194 144
44 36
175 55
178 111
41 124
172 72
100 125
139 28
113 188
170 29
25 135
20 92
200 3
176 58
27 169
109 24
17 169
199 3
76 143
162 65
76 157
109 133
114 103
154 29
10 107
158 114
150 166
130 60
50 59
157 158
48 41
84 19
193 166
191 105
115 138
61 129
70 166
160 127
136 121
181 129
44 186
28 8
110 97
73 94
81 144
102 160
148 35
22 187
65 134
147 183
96 158
100 191
122 109
63 124
75 169
126 60
127 115
49 1
180 82
32 99
21 101
95 66
176 152
111 81
102 127
53 64
9 106
125 173
8 22
37 61
42 93
19 147
123 77
61 17
139 2
13 26
190 129
107 175
106 128
198 97
28 196
96 124
17 42
129 89
147 129
26 171
192 25
173 91
83 10
198 42
129 131
127 37
129 166
80 1
74 184
131 94
71 106
53 35
88 2
171 200
119 79
56 68
14 73
55 28
116 72
96 60
98 20
92 164
173 194
187 91
200 7
27 71
160 146
177 127
160 90
7 156
52 145
190 122
193 195
169 182
199 4
113 54
94 130
33 63
173 127
179 157
10 157
145 147
17 200
63 123
95 178
116 3
178 187
81 167
23 160
13 95
110 179
194 192
187 61
105 15
31 46
12 60
180 120
43 181
91 133
156 191
130 186
50 79
67 75
20 166
57 94
181 103
137 49
147 194
43 127
144 196
129 21
81 20
15 25
48 23
150 98
136 189
32 82
125 92
119 141
116 54
163 148
54 22
124 88
58 68
179 180
129 104
136 108
195 170
141 137
118 174
111 120
38 181
84 23
170 124
82 178
62 82
54 149
84 124
130 19
116 52
37 26
158 162
48 144
24 107
154 133
138 181
85 11
51 54
142 94
68 192
150 164
141 139
157 178
134 28
128 167
66 34
189 55
172 181
157 89
158 55
145 178
153 165
26 43
7 27
95 161
82 168
63 37
23 61
197 161
161 28
51 119
41 25
77 111
125 155
146 82
71 49
27 51
59 16
77 164
43 154
9 160
171 39
4 37
157 62
123 6
36 83
133 10
115 13
177 39
58 8
198 54
152 170
15 47
69 159
137 37
117 72
95 79
23 183
111 40
107 150
73 122
194 181
191 13
85 162
38 116
62 77
125 27
38 192
133 92
144 95
188 118
63 16
103 133
147 43
9 30
169 121
34 108
72 176
155 131
119 198
137 88
181 119
67 91
63 115
132 112
29 84
141 184
3 188
49 158
138 165
18 122
160 139
89 17
161 76
135 181
5 69
43 68
96 165
172 69
166 17
147 66
101 133
154 196
158 109
49 85
163 194
4 117
123 121
35 5
184 161
185 174
93 149
108 122
178 199
58 169
63 200
176 67
18 151
111 84
77 98
26 44
11 55
129 158
181 109
126 8
138 50
60 133
107 90
122 4
25 123
74 37
194 104
22 193
192 173
166 65
127 63
98 158
112 74
53 158
124 7
56 12
66 144
132 104
53 192
7 170
93 31
21 127
151 83
95 105
86 130
106 109
10 153
165 116
95 41
9 73
72 87
125 108
177 178
64 185
107 144
57 123
51 97
44 104
83 37
58 11
104 90
175 18
70 30
187 164
155 188
159 195
14 144
40 52
36 68
53 18
195 169
182 61
192 64
179 18
91 196
44 169
1 193
164 190
139 68
184 172
172 104
62 120
146 50
149 166
71 190
49 105
128 28
123 132
6 199
45 24
5 119
87 190
74 91
97 164
138 12
133 77
167 120
163 38
5 180
111 155
144 3
68 120
111 48
123 143
135 95
48 174
100 70
178 18
148 9
172 19
186 132
30 114
158 54
62 118
145 102
73 7
46 23
32 62
46 100
65 44
169 108
106 34
185 141
83 155
111 63
69 72
87 31
152 16
92 147
130 123
52 71
31 38
54 199
32 63
67 166
4 15
95 107
45 167
58 89
166 99
37 15
46 76
30 14
15 109
100 20
138 41
126 76
42 28
9 187
6 99
6 183
79 59
155 176
8 162
74 30
39 3
74 59
65 108
60 124
181 178
190 79
90 152
112 140
189 94
12 74
35 188
82 14
130 103
160 152
6 77
125 11
67 21
132 26
106 165
24 114
94 84
194 174
4 182
174 157
40 87
119 47
124 73
65 186
185 27
40 185
179 85
34 154
149 61
156 125
14 137
66 169
200 163
193 135
33 110
20 62
35 166
103 109
66 73
22 180
14 196
193 114
58 124
120 54
7 6
68 180
20 85
2 172
10 117
66 160
39 19
112 100
93 15
21 155
137 10
2 35
10 183
176 18
10 53
115 179
101 114
111 168
181 137
142 33
121 101
118 30
187 188
85 62
90 2
116 179
188 148
98 92
40 152
130 195
122 68
28 3
66 194
48 168
131 163
122 80
52 33
2 163
128 119
159 176
174 121
58 55
76 181
88 96
190 132
108 67
59 191
135 117
62 121
26 135
127 165
85 167
195 163
132 1
94 90
74 148
148 149
53 111
97 54
184 36
87 184
92 14
177 7
61 119
121 36
134 94
71 57
80 87
105 168
106 167
190 72
39 104
24 190
136 179
191 120
22 135
69 101
132 130
113 21
82 76
126 91
74 134
146 22
62 67
164 10
111 114
150 118
93 22
71 159
174 10
125 143
33 149
173 43
105 132
177 189
6 164
171 34
56 51
170 156
164 39
176 42
191 61
196 4
24 37
147 134
134 59
199 170
169 190
144 132
53 49
43 58
128 89
169 151
5 80
160 194
57 185
145 164
95 174
146 107
80 193
10 18
179 124
43 19
92 195
98 23
19 95
51 45
128 23
117 48
114 31
8 127
199 31
155 179
56 101
81 129
123 34
176 68
81 115
24 52
51 60
40 22
52 51
144 197
161 126
27 157
181 35
63 126
26 49
70 87
33 24