200
25 50 26 22 28 24 23 42 60 52 53 54 59 60 33 57 39 56 43 49 56 43 28 36 44 37 26 47 37 58 45 34 39 35 30 34 46 59 24 39 50 56 37 37 38 45 30 30 48 48 35 32 25 44 26 34 48 31 24 28 24 21 22 57 54 21 41 25 31 48 38 24 42 40 24 44 29 58 37 52 50 28 47 43 37 26 50 52 49 38 21 27 39 29 53 25 30 25 44 48 30 58 27 45 36 27 60 21 43 21 21 24 29 29 52 46 52 57 59 52 38 50 33 33 45 21 50 43 26 44 34 26 33 36 25 30 24 22 56 38 44 49 48 59 39 39 34 31 42 24 57 37 35 48 30 39 40 22 33 24 37 42 26 55 35 25 21 30 36 25 46 23 30 46 21 32 45 31 29 48 42 23 34 47 21 38 54 57 45 32 58 34 55 49 30 24 23 48 46 27
25
25 20 60 64 38 48 43 19 58 64 63 22 42 21 61 60 26 21 19 40 47 52 21 22 41
5000
40 200
190 177
93 60
171 6
39 16
167 174
51 55
121 84
14 97
53 152
76 78
145 172
120 140
109 3
193 37
48 159
115 197
42 41
175 180
2 154
18 181
140 191
40 192
108 45
65 133
181 74
167 48
147 100
109 57
69 174
21 116
115 69
62 181
17 145
46 16
48 91
190 6
9 181
102 4
61 81
6 49
45 99
13 154
75 45
155 75
4 14
192 85
187 116
131 99
47 145
179 158
90 126
104 41
156 65
53 115
169 138
62 22
176 155
121 132
147 134
151 13
75 34
124 167
180 88
57 178
175 134
86 157
75 96
44 14
92 9
103 179
192 54
107 53
148 121
76 105
35 192
129 143
19 46
66 81
67 92
181 179
194 113
152 103
198 100
19 114
147 154
121 137
46 67
195 86
105 124
111 185
196 12
104 134
29 30
57 16
36 151
187 128
49 144
167 192
184 191
114 51
131 2
127 139
9 84
160 68
75 189
4 58
190 156
185 148
186 30
89 150
114 111
147 156
169 148
82 46
50 138
138 160
199 144
42 152
66 145
33 43
195 148
120 26
182 162
180 84
54 24
48 44
40 199
37 51
93 65
47 103
27 154
194 152
62 42
199 50
108 159
23 82
52 160
101 33
126 184
105 33
73 20
29 166
141 119
66 29
140 138
5 118
196 180
124 14
41 19
153 103
71 169
79 182
65 130
114 81
165 31
187 16
92 124
119 183
116 58
162 166
173 189
126 77
108 200
176 161
135 3
187 163
22 140
18 37
111 89
193 71
16 19
109 196
183 88
130 34
34 90
138 21
9 162
177 168
104 129
112 160
35 164
133 45
114 145
163 188
5 66
160 196
45 4
14 171
126 170
115 13
191 144
155 137
19 193
8 140
64 195
126 191
36 136
52 122
62 189
25 83
173 154
29 192
38 169
108 171
87 9
34 56
198 69
21 189
178 63
130 149
89 165
7 141
90 63
5 181
155 156
100 72
102 165
123 149
73 92
80 64
113 179
195 106
19 120
82 139
48 20
138 7
178 188
131 92
198 39
52 75
28 26
58 45
173 191
44 197
16 128
50 14
170 120
179 115
181 171
47 81
38 112
100 28
71 132
125 57
183 149
156 120
31 99
152 199
186 142
119 51
176 157
101 176
81 157
168 33
156 82
44 109
72 146
172 181
156 97
142 200
187 147
44 1
94 128
168 93
99 8
142 161
129 36
47 160
114 100
128 12
171 148
185 47
12 129
140 135
90 157
69 182
186 7
50 79
75 198
38 27
182 63
179 18
105 32
45 56
129 23
127 109
130 137
98 32
34 40
104 67
142 166
91 200
194 191
108 19
129 167
5 84
22 51
14 28
160 65
88 177
76 166
112 16
180 137
101 180
41 160
83 37
153 132
68 101
110 25
82 62
90 134
12 74
199 56
92 191
137 133
172 76
189 35
156 4
131 18
30 37
152 167
191 109
143 110
131 122
116 2
76 30
137 146
174 85
157 167
184 105
102 140
176 113
45 8
108 83
111 78
47 66
76 152
142 106
170 27
125 174
18 66
159 130
102 185
40 59
196 117
143 197
77 177
91 79
35 5
34 191
125 7
78 106
181 196
66 46
10 179
177 133
63 134
108 169
70 17
69 119
110 183
101 160
31 33
145 127
152 189
33 173
164 171
106 140
151 73
84 11
2 103
4 180
127 152
110 153
60 49
195 109
107 117
163 6
126 45
78 185
18 183
93 145
172 25
181 161
130 148
94 88
77 86
88 128
128 92
33 57
50 177
176 100
172 183
112 147
141 185
110 168
170 16
139 89
107 161
33 193
61 72
74 125
25 123
151 101
177 165
38 143
155 76
153 189
18 33
88 167
41 82
111 166
67 15
162 34
118 63
183 49
22 103
16 117
191 200
179 66
73 72
40 98
178 128
191 10
49 31
87 129
166 33
67 120
95 13
66 192
88 38
137 143
44 124
107 119
149 78
133 122
135 125
81 156
120 78
130 22
71 17
118 186
1 68
97 31
68 25
134 51
148 189
157 159
137 89
108 127
174 82
167 6
45 154
28 163
99 12
56 39
28 31
48 96
111 59
143 39
143 22
43 84
25 8
176 116
196 156
140 7
132 77
96 8
43 83
27 158
169 189
42 81
22 146
49 74
79 64
56 117
69 106
33 161
146 118
24 190
69 159
93 52
142 165
141 171
104 152
161 54
89 68
35 128
138 197
88 68
65 7
23 50
11 5
28 154
120 32
13 84
121 19
66 45
146 40
10 62
80 30
23 111
153 28
48 111
9 11
139 22
148 131
117 50
132 187
164 122
112 27
70 1
149 112
183 99
26 63
25 152
136 10
50 57
143 181
2 194
52 148
90 9
178 8
101 194
134 10
58 55
19 139
50 55
15 11
196 21
73 186
198 38
116 13
150 72
171 5
176 38
96 65
2 163
128 186
84 141
20 43
153 88
20 200
200 54
36 61
126 88
41 97
71 92
106 172
113 100
191 170
51 155
2 57
31 70
176 132
19 154
122 118
36 137
55 57
149 172
1 86
55 12
175 54
65 3
147 123
184 123
2 132
154 92
1 12
59 160
130 7
75 78
182 94
157 93
187 103
73 76
26 95
118 155
129 112
186 14
21 1
169 120
27 28
133 74
80 67
19 168
5 10
33 150
114 63
38 79
139 131
127 6
157 155
89 156
28 194
103 69
109 93
5 132
85 123
115 154
32 185
47 68
160 171
164 145
176 179
34 126
190 16
165 46
16 86
145 144
179 105
49 21
17 16
137 85
57 84
19 20
49 168
156 2
45 173
7 136
1 36
66 104
72 15
33 153
91 110
147 68
148 138
2 47
96 131
51 193
151 109
178 170
198 83
150 56
62 150
11 177
30 120
172 53
184 18
49 106
199 180
195 169
52 181
182 121
142 90
78 43
175 155
99 2
30 169
50 93
18 94
69 20
34 82
124 177
42 67
43 137
130 123
198 4
50 163
107 68
186 169
98 132
89 125
61 153
134 98
29 5
70 190
84 193
183 67
150 40
107 196
23 92
106 128
51 58
164 6
161 53
164 20
198 93
33 131
122 40
119 173
24 79
93 165
21 178
129 86
44 180
170 62
191 13
77 160
123 43
148 50
35 36
143 27
192 16
62 139
151 69
66 6
16 120
14 78
128 105
110 39
157 146
121 44
19 78
42 108
7 191
99 88
77 55
37 50
104 166
129 116
87 199
102 160
113 61
9 195
146 149
157 189
110 1
68 94
160 104
136 88
12 199
166 182
88 152
21 72
116 133
38 100
51 194
191 66
125 115
117 20
113 192
102 73
71 107
52 105
57 135
21 37
114 113
86 26
121 13
152 84
141 182
186 87
2 179
37 56
53 101
120 102
130 85
95 193
171 23
128 7
133 39
71 150
192 102
151 147
119 181
188 164
183 127
29 197
36 87
157 185
94 45
163 85
34 110
43 200
138 28
160 187
11 163
60 115
47 29
127 64
154 155
115 64
100 16
119 55
52 196
50 84
189 88
168 145
46 14
4 56
145 95
123 117
72 17
39 146
103 110
197 38
142 32
77 24
39 77
197 16
72 85
82 38
159 8
131 13
167 93
34 49
39 70
173 110
115 84
147 157
73 116
150 43
75 148
183 60
141 125
117 21
55 30
149 119
6 38
88 160
11 103
182 114
3 153
30 83
157 63
55 29
26 72
178 72
17 36
132 129
9 141
141 35
83 126
46 139
175 99
128 164
176 175
76 59
124 153
48 76
3 112
135 179
70 83
88 155
149 24
185 123
150 96
159 84
76 122
129 60
196 105
125 63
130 177
81 196
72 102
21 198
38 34
154 141
111 162
106 127
68 5
35 30
159 53
118 52
100 157
114 48
83 75
17 81
146 7
125 190
34 11
188 151
5 111
116 189
184 170
98 117
167 173
193 16
198 34
44 120
87 80
41 138
43 75
26 143
60 192
27 71
193 105
112 159
128 91
25 113
22 198
143 17
34 154
106 196
68 96
34 142
137 125
109 111
75 47
148 101
49 80
141 95
62 199
194 17
13 46
194 80
153 91
120 61
182 113
60 179
84 66
101 136
104 111
124 102
18 150
176 114
107 183
7 111
200 173
188 120
191 156
136 59
124 7
9 88
60 178
92 76
87 81
18 124
82 135
125 114
85 89
119 190
115 155
138 134
13 17
32 156
6 35
103 194
2 27
33 156
69 17
69 131
17 168
46 164
135 6
86 173
150 32
130 109
80 104
148 40
114 80
27 25
197 140
111 184
127 114
90 85
137 50
173 34
85 94
106 146
176 31
58 59
94 175
114 107
14 139
126 162
72 81
54 77
111 69
184 173
124 16
102 45
10 137
85 172
130 107
118 167
107 195
4 35
23 195
192 117
182 38
122 142
97 152
51 188
132 147
104 162
63 62
8 188
98 57
91 132
71 119
105 197
52 139
6 91
20 194
91 1
27 130
177 178
82 182
190 44
163 122
110 19
96 91
52 44
159 94
35 194
194 193
151 96
130 176
59 72
97 33
199 157
97 129
47 34
49 86
120 46
83 23
168 152
200 119
34 121
17 21
84 129
165 87
4 106
132 105
74 151
77 67
135 79
125 54
87 190
54 79
74 19
3 123
153 126
160 145
160 14
184 73
147 30
10 189
24 153
140 167
156 176
114 79
95 86
78 96
114 37
17 186
8 175
12 130
179 172
196 89
89 66
92 22
17 137
82 6
20 192
143 142
96 143
70 80
69 86
62 126
10 68
17 169
182 154
66 69
32 148
198 103
196 13
191 137
70 116
22 177
195 61
4 49
136 197
41 193
33 93
90 19
6 44
165 99
6 46
178 31
120 79
156 173
115 11
12 54
188 10
170 197
130 166
40 196
60 80
193 140
153 50
57 183
138 71
120 29
132 165
14 173
29 93
68 17
106 132
52 150
1 169
32 104
168 165
4 162
77 61
68 176
166 74
48 102
117 158
13 197
48 45
101 13
40 111
98 77
132 148
33 112
132 168
63 176
70 33
118 104
99 27
60 53
53 41
14 82
37 100
32 62
145 24
195 116
20 40
14 143
17 23
41 192
81 152
37 113
102 122
143 175
185 55
54 41
194 136
82 49
64 26
55 153
163 44
45 128
157 136
78 140
12 92
105 155
66 159
70 182
23 28
21 24
192 157
66 167
26 183
56 95
44 61
144 165
163 45
105 84
106 191
120 104
149 143
7 19
125 56
132 53
9 115
2 40
162 115
195 18
194 145
79 42
171 167
180 111
181 1
158 164
61 200
170 74
186 168
151 51
162 3
132 3
83 49
162 108
96 33
96 82
105 56
125 49
40 155
78 176
128 1
21 32
104 87
138 109
98 90
113 28
78 154
197 7
144 182
55 125
42 122
177 83
22 153
179 38
78 94
138 62
154 126
183 63
119 160
118 193
169 101
47 188
86 122
39 99
171 32
136 153
78 188
89 91
152 195
11 183
175 138
101 8
26 93
120 96
154 76
17 6
26 136
100 2
199 186
135 109
162 198
14 85
100 18
197 91
164 33
105 40
191 64
17 99
60 106
184 186
96 137
177 199
135 187
58 106
103 58
53 68
39 138
80 129
195 1
30 143
118 42
59 124
158 120
25 178
149 47
14 32
200 109
62 103
93 63
81 131
129 39
112 161
76 195
39 124
111 113
170 167
20 107
135 55
178 47
12 109
69 95
32 118
114 53
132 104
27 56
19 177
60 131
170 136
151 84
182 66
86 139
99 141
30 199
107 91
94 11
104 63
51 88
116 164
100 43
137 163
111 142
133 50
81 14
65 110
131 151
61 198
121 91
76 61
176 14
158 88
111 140
62 160
17 82
3 164
105 109
57 3
15 185
158 146
123 148
187 63
187 2
81 56
6 3
194 125
115 36
22 181
17 120
26 127
124 148
13 22
11 55
185 179
111 71
188 131
65 37
20 86
5 152
108 51
181 65
15 42
130 40
187 173
111 145
70 145
168 82
151 121
130 141
47 172
109 156
142 12
180 32
38 187
83 18
181 98
116 114
65 114
163 168
55 138
121 188
86 175
115 66
49 124
42 187
106 134
61 163
139 191
143 33
138 187
169 97
85 115
124 95
194 129
78 26
6 60
99 98
105 163
135 160
173 85
113 178
175 159
97 86
125 117
6 16
43 13
36 49
172 146
43 149
197 11
147 181
67 131
132 24
119 155
158 174
6 191
128 74
3 82
176 56
98 146
194 100
48 93
192 169
152 12
172 19
120 149
36 85
90 62
43 113
7 109
119 43
191 90
170 112
186 148
119 56
153 148
83 197
92 125
132 36
113 42
25 199
20 54
17 57
129 174
57 195
163 132
184 146
15 91
139 12
106 189
104 8
147 85
40 36
63 27
198 121
148 114
38 160
138 189
11 40
161 60
97 149
32 89
73 78
141 44
28 85
61 115
120 142
120 68
148 166
55 120
92 8
173 4
182 160
103 44
176 178
76 156
109 152
41 59
107 30
29 85
158 173
73 90
45 166
71 20
30 50
134 159
4 24
140 25
161 58
167 127
34 129
103 13
83 175
52 108
5 3
92 104
84 169
164 86
199 103
86 123
10 57
165 7
27 105
166 10
55 63
42 16
157 105
63 144
184 140
29 135
131 30
7 145
52 166
174 142
177 56
197 10
113 171
186 11
188 57
132 177
182 21
56 32
152 95
6 158
188 174
94 169
191 84
195 7
124 88
14 181
173 49
70 146
99 107
195 28
110 158
192 191
73 105
46 34
30 126
166 183
17 187
117 104
67 45
86 182
48 141
100 19
55 1
160 109
20 170
47 6
114 14
164 37
46 51
69 82
28 167
49 163
73 26
186 135
14 26
137 67
151 93
34 57
87 193
65 54
71 163
45 185
111 193
51 67
124 3
25 141
81 10
43 181
183 157
180 104
172 155
110 30
24 62
88 96
195 13
141 22
61 64
62 84
29 12
52 72
7 57
9 76
171 69
89 164
20 88
122 80
32 181
119 148
162 61
171 67
134 143
180 170
147 90
94 164
146 164
21 151
24 10
26 96
122 63
61 59
51 94
198 150
78 11
144 20
193 120
3 27
54 152
133 169
96 73
98 111
45 34
123 119
31 138
76 40
104 192
188 18
10 173
32 200
112 134
121 87
134 67
19 180
123 31
22 117
188 135
27 118
84 183
97 29
127 12
52 56
179 42
130 154
71 126
157 134
84 78
47 121
156 145
58 167
119 110
183 145
75 162
69 177
185 127
153 147
99 86
129 133
70 22
162 178
93 137
150 161
127 8
42 102
186 39
41 14
160 144
62 43
55 68
133 92
2 4
79 25
15 161
116 106
39 120
81 198
96 102
87 136
96 10
192 78
90 45
49 11
23 128
134 172
16 56
125 90
138 116
36 178
166 200
106 114
32 168
78 148
18 190
131 50
20 82
74 163
126 157
86 171
181 141
111 16
9 44
9 12
87 86
112 88
35 50
9 94
75 106
176 181
193 70
70 151
169 43
18 51
43 151
159 37
81 165
134 100
68 98
45 105
84 149
136 42
115 192
157 170
163 198
63 140
24 63
139 190
45 200
180 151
79 178
96 194
127 35
52 164
196 176
40 66
66 28
174 154
73 7
199 182
4 152
63 23
14 177
166 131
141 23
82 169
186 131
69 25
93 3
135 17
64 9
145 39
25 198
185 59
129 148
70 16
23 158
48 119
54 90
119 121
13 6
103 55
158 65
46 176
17 115
138 188
15 78
141 14
33 116
118 68
12 189
187 200
33 157
171 28
74 66
129 162
19 2
67 70
35 100
149 20
172 39
175 125
146 76
119 90
54 119
136 51
171 43
60 40
9 100
1 10
70 11
169 60
169 70
63 66
19 80
188 61
108 186
143 176
135 15
81 94
195 180
132 133
154 116
184 37
44 199
166 17
163 101
8 98
196 162
99 127
178 193
62 34
99 191
98 52
194 10
126 122
175 44
77 35
3 2
165 167
175 48
72 29
1 89
146 26
194 128
6 180
116 197
134 145
75 46
75 133
75 36
145 79
18 129
177 200
65 195
22 82
61 199
179 168
83 21
22 59
8 20
81 144
197 76
91 61
69 3
144 68
18 45
67 102
133 59
148 181
26 23
85 82
36 2
54 89
177 122
73 48
146 55
145 185
113 120
131 175
62 195
144 140
113 89
72 173
129 187
36 131
50 89
169 57
135 115
132 41
195 81
39 131
147 126
125 103
102 121
101 103
167 31
80 125
13 148
102 193
4 184
167 142
1 99
155 103
27 19
56 122
105 174
168 139
70 104
32 11
159 73
186 82
78 53
132 190
22 46
74 184
51 23
37 47
159 49
94 154
187 154
153 82
142 83
115 82
105 61
43 160
96 116
134 117
55 189
153 142
5 40
2 162
84 22
139 115
111 124
128 171
25 187
45 14
99 75
1 15
185 62
45 150
59 117
193 154
163 199
32 131
23 155
143 122
107 77
194 16
91 92
155 14
158 24
71 136
15 142
92 159
30 164
58 148
44 167
92 168
76 124
32 166
81 34
90 136
179 30
47 96
124 93
18 108
120 126
38 165
172 167
14 51
90 50
93 35
45 113
30 60
127 40
167 46
95 125
140 81
199 113
89 53
175 71
102 162
129 126
120 93
193 182
115 20
143 156
38 142
114 70
170 18
161 1
125 182
140 125
192 103
124 80
40 86
176 3
139 138
97 38
58 64
60 16
164 130
31 4
18 118
103 83
147 144
193 46
139 3
147 199
58 69
141 127
137 123
115 168
79 2
20 169
125 144
152 165
101 31
80 65
173 116
195 121
95 78
32 111
91 157
195 92
64 68
28 75
77 175
148 93
158 10
36 175
150 8
180 14
78 81
59 142
147 140
1 47
196 197
160 46
152 80
46 199
49 108
47 156
2 58
66 153
143 46
159 12
67 39
114 104
75 150
119 153
132 61
3 111
180 140
45 106
33 95
192 15
113 78
78 161
33 130
98 152
37 78
81 49
80 13
188 110
119 127
9 2
58 65
54 25
137 135
44 116
113 177
93 17
172 4
85 60
100 85
170 87
76 100
111 139
147 131
142 139
121 22
147 111
17 132
188 80
128 167
95 99
69 44
47 40
16 90
83 80
78 138
96 92
134 188
130 182
13 194
21 78
160 19
154 41
150 21
9 68
158 121
187 34
58 111
73 190
150 164
82 130
58 112
40 149
170 41
173 80
33 61
79 63
116 170
82 94
1 111
167 78
192 71
132 197
20 13
5 166
122 77
63 169
20 155
99 66
130 8
68 127
160 117
70 2
35 105
107 90
73 32
56 181
5 91
135 146
174 67
138 80
60 95
86 72
193 59
147 141
140 15
50 70
131 31
148 149
106 3
176 119
75 170
89 143
26 31
104 98
131 43
67 40
45 131
200 72
5 179
39 157
48 8
119 186
9 194
12 14
81 21
102 137
138 64
139 144
31 153
54 150
88 75
158 154
118 149
101 146
24 35
33 141
132 74
110 195
105 101
169 56
55 170
133 64
166 144
65 194
114 102
118 200
114 92
87 24
15 76
42 10
168 74
112 150
148 64
140 183
78 172
186 167
119 26
64 70
4 118
160 7
80 98
120 66
35 69
179 136
114 197
139 48
28 132
91 65
26 122
190 120
170 7
73 114
113 3
99 144
27 53
167 197
35 114
168 37
171 1
28 15
131 137
117 84
194 43
40 62
8 41
71 148
138 193
148 37
76 176
182 128
128 57
46 144
121 23
58 119
40 101
25 186
161 199
86 132
145 23
164 25
13 10
181 48
34 27
35 27
119 106
40 22
59 183
161 117
76 164
14 47
124 12
59 24
184 57
21 128
35 152
82 164
25 138
108 91
118 19
176 24
185 175
13 150
118 133
185 114
73 199
14 23
175 114
175 27
58 68
9 186
9 168
170 195
57 81
101 113
36 71
125 42
132 143
145 71
73 194
159 165
145 130
165 53
102 117
41 153
159 100
71 34
86 104
66 79
181 99
55 184
47 64
145 176
67 43
96 160
83 143
92 116
36 160
171 19
52 51
33 124
190 64
130 16
75 174
116 88
57 66
162 87
42 140
99 91
190 159
20 146
122 70
38 141
165 166
49 178
167 42
168 150
103 91
145 100
82 8
168 61
94 106
97 176
37 119
86 66
118 66
8 90
157 120
35 187
33 77
104 9
116 110
67 103
59 67
158 153
178 70
121 181
132 11
139 70
75 121
35 153
104 194
178 182
131 12
59 137
101 10
200 194
114 162
171 156
172 123
52 43
61 149
192 142
11 138
107 168
196 67
21 163
159 172
56 100
49 12
45 123
66 100
28 193
125 17
136 110
144 90
17 165
82 4
180 12
174 18
118 64
18 109
30 191
1 158
41 118
23 41
7 6
68 192
5 59
33 53
175 187
28 174
49 129
191 175
86 58
92 185
89 96
82 70
166 196
15 131
118 158
189 181
26 180
191 176
183 29
162 68
146 182
37 32
58 145
177 43
170 25
90 168
164 138
111 8
80 189
6 173
169 61
139 117
114 10
7 171
171 184
16 125
90 116
142 180
53 1
200 175
98 44
27 81
136 137
10 67
177 12
135 102
103 119
90 49
18 40
68 92
56 50
36 59
84 17
165 62
118 157
111 46
167 14
101 179
190 150
162 47
92 87
2 171
114 60
19 26
139 183
161 34
155 173
29 3
21 29
165 30
142 97
135 85
17 153
48 58
124 75
37 117
121 108
105 166
39 36
175 111
89 25
31 23
6 12
64 66
193 43
120 75
34 119
175 46
70 10
44 7
21 118
180 103
182 31
133 47
145 170
125 41
128 47
171 18
35 123
39 122
23 190
154 71
117 86
36 66
115 19
44 22
133 29
11 112
42 100
1 22
140 16
196 31
112 28
72 2
81 135
56 42
49 95
114 62
75 177
4 145
10 116
162 142
150 83
183 100
58 31
71 4
133 170
128 152
173 41
116 40
114 189
172 133
166 78
163 36
60 156
150 142
97 121
198 170
57 94
127 77
32 153
25 41
60 165
174 35
176 82
109 106
100 173
9 155
37 162
157 11
23 81
9 192
71 130
131 84
175 25
56 73
131 165
138 68
87 159
114 190
200 81
142 137
31 37
119 165
96 50
100 102
37 69
128 66
41 81
110 115
33 151
136 118
120 84
87 3
20 154
60 15
169 14
42 107
42 39
68 175
85 17
180 23
168 121
45 6
133 111
174 56
94 91
17 42
118 154
35 75
123 169
150 126
127 2
88 58
161 52
185 61
4 83
192 109
81 5
50 178
34 91
147 121
11 118
172 160
86 33
105 71
169 161
143 93
115 176
182 25
110 85
35 166
122 83
113 163
108 160
123 42
122 47
34 180
178 121
57 28
197 52
153 155
160 174
139 161
59 8
49 43
19 190
194 72
104 34
172 67
106 26
172 154
54 98
30 62
114 54
52 107
41 178
54 86
31 134
28 80
76 135
91 184
32 106
5 146
162 107
79 6
117 93
111 186
191 117
178 196
159 20
162 109
67 68
5 24
57 198
66 142
35 119
90 25
22 31
42 115
75 132
79 139
103 46
38 103
110 58
1 93
91 44
142 33
21 146
175 26
143 102
142 172
104 65
131 161
159 151
11 56
113 68
49 14
95 20
135 8
27 15
163 183
108 79
155 80
21 30
91 39
125 136
38 181
176 193
116 147
61 43
170 103
195 191
92 107
141 137
157 60
178 111
83 20
7 122
39 127
198 180
119 60
113 16
188 144
20 76
13 56
100 133
173 139
13 27
24 195
176 84
4 95
160 127
155 70
177 74
82 200
170 146
49 155
56 145
60 3
64 109
137 28
47 74
94 3
16 136
121 70
13 58
116 12
63 12
200 22
23 39
161 163
179 169
80 76
84 126
139 99
161 185
173 53
1 116
10 23
43 5
89 169
57 42
183 137
76 83
89 112
20 168
50 20
145 162
137 75
137 45
152 196
83 24
90 93
49 179
74 139
176 12
41 103
101 55
148 196
17 110
34 136
66 82
8 88
16 116
16 84
190 152
45 85
12 144
186 5
131 143
142 157
8 34
166 140
163 142
188 44
144 8
154 48
187 146
119 4
10 76
57 29
112 81
126 96
28 33
110 45
70 179
196 149
114 195
45 63
81 100
147 183
81 183
160 22
18 60
26 191
1 143
59 195
177 15
183 125
158 116
194 33
102 82
176 159
173 60
75 191
25 146
130 183
200 138
185 198
28 63
115 112
114 34
46 162
144 65
52 138
185 183
3 76
199 53
149 92
142 160
142 2
55 87
3 89
9 46
15 106
166 164
197 22
133 93
91 84
134 125
111 62
173 129
54 46
182 61
72 169
124 89
116 143
66 60
192 49
30 14
68 80
48 86
52 97
158 84
87 101
51 24
46 40
2 35
69 104
92 171
174 3
127 89
20 137
13 7
28 177
89 55
157 110
169 117
9 172
3 182
99 160
28 5
97 170
25 77
126 65
79 1
20 89
142 19
62 178
109 94
139 193
196 6
51 130
195 178
123 156
112 85
81 39
180 110
158 101
106 137
129 29
199 187
7 176
70 48
42 61
14 87
3 119
127 11
126 54
55 36
67 19
172 3
131 112
190 103
181 110
56 136
145 150
48 186
99 24
138 173
105 120
119 5
54 15
140 95
114 171
118 144
50 16
165 68
46 129
30 47
147 77
146 51
49 197
3 183
135 124
63 95
4 34
49 127
103 139
106 169
62 33
180 179
11 162
63 147
80 130
134 194
158 166
139 152
4 42
125 94
37 9
77 1
151 56
168 112
197 133
51 62
67 101
67 140
169 100
134 146
194 77
127 79
178 93
94 147
127 197
90 60
49 23
59 171
89 35
163 41
136 158
38 35
166 55
109 70
107 60
69 194
132 48
110 148
74 138
13 18
69 13
113 49
124 48
183 158
70 117
53 186
103 189
177 94
60 196
192 146
97 42
101 147
98 69
200 125
158 95
194 98
120 33
29 100
72 192
70 58
113 102
119 128
12 147
159 194
121 175
158 123
59 110
172 99
128 59
79 123
147 163
38 60
35 176
34 163
155 129
86 65
106 177
174 150
197 190
78 144
161 190
100 3
131 101
4 37
131 26
86 106
82 109
131 162
130 21
173 145
66 161
98 123
142 148
59 109
37 126
87 8
4 126
144 5
52 87
140 94
108 148
197 74
174 197
75 172
45 129
176 51
16 159
41 112
81 115
23 59
60 200
163 121
141 176
111 30
97 43
82 131
11 1
141 110
47 165
30 95
23 99
141 74
25 95
136 119
132 96
124 186
23 147
126 53
98 20
140 115
145 37
182 196
111 198
5 61
11 69
102 35
165 200
14 110
198 71
149 169
193 170
165 164
130 75
48 168
79 199
9 57
3 37
197 175
162 116
193 195
120 74
119 147
108 25
11 160
99 194
46 182
58 138
105 152
190 43
30 31
56 10
160 161
63 87
182 135
149 188
153 139
169 194
109 141
133 23
137 18
149 32
52 187
200 179
65 6
192 99
164 7
107 19
167 145
155 145
116 181
17 26
40 182
110 105
26 103
72 106
88 129
56 124
190 37
6 43
47 138
134 177
168 84
67 117
134 192
54 196
60 117
7 79
197 111
61 160
68 33
2 181
2 122
143 31
68 8
8 74
1 198
158 78
40 43
82 152
122 107
98 55
100 51
149 8
65 9
74 57
61 29
171 130
96 36
121 184
88 60
189 36
125 161
6 133
62 76
50 28
196 131
20 66
180 31
144 128
165 103
90 149
81 197
66 98
181 60
2 74
108 48
130 44
62 48
90 100
7 22
165 5
93 55
103 40
174 126
153 167
110 36
100 33
153 195
30 89
123 113
174 63
84 192
129 115
129 130
24 89
128 44
11 147
116 148
46 56
1 148
186 24
149 103
77 50
26 193
111 110
120 89
70 51
179 4
156 98
24 28
126 190
81 35
124 178
174 200
69 107
7 156
35 136
127 184
63 39
154 157
100 8
115 156
82 122
198 23
16 94
62 109
27 134
162 194
28 51
15 119
128 158
165 172
35 85
91 126
118 17
168 104
158 115
53 136
127 118
125 153
178 24
65 63
55 75
179 20
59 44
10 19
46 154
155 158
139 109
177 26
140 34
61 22
6 126
94 161
78 30
63 40
163 75
3 10
65 188
83 22
173 75
136 138
89 47
169 112
136 85
105 194
36 14
2 121
60 150
178 134
147 26
102 167
192 80
64 28
151 183
85 190
168 39
179 156
121 118
60 100
172 175
75 50
127 93
51 17
92 183
84 52
178 114
33 64
185 68
126 11
163 139
180 37
166 66
70 86
125 28
134 160
21 3
119 152
171 16
38 146
37 122
160 97
157 12
182 111
10 128
55 112
146 78
109 104
91 111
133 17
79 96
96 124
3 66
109 79
187 36
73 106
105 139
168 75
194 188
85 51
110 134
141 175
58 166
105 77
118 107
44 140
114 61
60 77
22 152
27 32
71 72
54 78
19 173
33 8
66 27
90 109
144 86
77 198
87 124
96 123
35 118
73 10
53 31
27 23
196 175
124 23
99 197
49 112
42 69
84 119
24 107
52 111
118 120
191 111
177 135
119 151
148 104
168 159
102 93
119 139
73 2
87 37
31 103
83 140
193 7
59 150
115 172
156 136
25 34
83 187
181 83
149 22
167 22
112 52
128 112
107 151
134 47
24 81
59 63
61 146
46 123
78 55
27 14
14 104
89 146
178 14
162 174
46 118
133 119
42 143
85 101
58 34
66 169
3 80
76 89
88 97
20 41
43 23
183 28
102 74
81 3
196 145
91 73
78 28
107 147
113 143
145 54
30 38
142 71
170 72
15 37
116 15
44 97
26 15
74 54
146 97
172 87
184 42
65 184
145 135
60 56
135 127
32 147
37 130
97 126
143 98
189 154
182 42
23 102
143 79
153 9
147 35
106 40
43 161
187 79
95 12
167 52
197 151
116 142
173 23
123 55
85 178
109 49
129 69
185 27
188 186
197 35
172 29
125 181
46 141
157 114
90 10
76 58
49 130
45 40
153 134
169 163
60 2
70 28
71 113
40 132
122 190
178 95
35 198
31 10
159 81
32 144
55 179
160 139
156 154
49 57
68 130
16 34
65 24
117 83
166 186
178 66
68 26
170 93
120 6
159 46
42 124
182 105
147 41
99 130
17 190
184 83
135 144
120 143
83 1
134 170
87 198
22 186
146 174
101 7
134 190
182 39
179 95
47 93
7 48
199 123
42 23
24 134
5 89
148 122
154 162
49 126
7 29
185 17
5 191
176 122
126 44
50 15
27 6
41 102
177 147
131 103
19 34
76 41
193 199
107 23
47 155
157 29
4 142
142 133
71 39
136 117
91 4
112 151
174 166
123 16
195 41
79 151
131 138
110 104
74 76
77 199
68 148
48 11
182 159
116 137
14 63
186 84
136 132
177 167
46 128
25 71
36 184
163 72
81 75
146 145
35 12
59 77
163 158
187 21
173 174
21 175
144 13
146 198
197 43
81 68
140 6
87 48
168 166
87 46
98 172
179 25
185 84
51 160
47 123
160 140
190 48
163 76
186 21
49 193
92 95
183 6
8 192
166 53
32 184
161 77
57 121
115 169
85 109
12 94
81 149
123 89
40 134
186 38
11 195
183 109
118 85
46 59
59 102
171 180
124 134
96 149
159 62
155 107
190 166
85 33
76 53
2 87
81 189
134 81
27 9
147 58
121 173
169 80
96 122
67 161
174 186
82 129
159 93
85 132
104 21
82 112
160 71
136 40
13 3
197 198
1 184
190 72
142 41
2 155
8 40
163 48
126 165
2 21
19 3
38 66
22 118
137 44
180 87
32 137
177 195
32 35
115 40
117 157
165 110
82 43
11 106
87 47
196 19
169 170
117 156
177 129
81 103
156 184
91 46
182 198
127 131
151 199
117 144
41 184
112 193
56 175
192 197
102 108
30 79
104 139
11 184
35 7
51 98
171 8
63 133
121 62
194 139
133 15
92 132
65 157
19 117
61 38
128 19
85 70
136 79
89 46
128 150
176 158
107 169
94 153
139 13
191 193
37 194
58 104
88 173
175 69
72 57
93 23
137 71
86 29
110 162
185 162
70 150
27 93
80 62
196 141
183 195
118 134
57 59
141 29
58 36
33 175
136 121
100 116
49 64
150 173
174 157
125 36
149 10
96 99
60 54
101 132
57 35
167 195
166 41
152 13
93 72
120 20
69 6
64 94
121 107
159 181
10 182
110 114
118 92
37 177
162 69
162 171
172 116
196 114
126 179
20 156
33 152
174 116
175 186
177 120
119 73
96 152
128 11
97 192
140 64
181 75
58 117
57 67
103 10
113 44
178 52
82 65
191 88
178 131
113 5
32 161
57 93
94 15
47 105
111 155
59 50
175 171
194 29
174 20
194 130
89 149
72 77
86 125
81 126
73 49
24 26
40 186
67 58
61 122
76 5
82 77
137 74
8 115
126 200
114 180
109 24
5 176
87 34
72 47
19 92
116 87
33 183
67 4
133 145
150 68
82 120
175 92
27 141
148 159
163 153
120 2
84 85
108 77
29 35
129 57
55 97
65 56
31 114
59 187
101 121
11 155
3 62
139 177
192 10
175 173
80 160
87 148
92 161
197 5
20 77
163 156
24 175
156 114
68 41
175 9
95 89
192 127
80 171
23 106
25 74
53 182
189 79
156 11
83 174
67 115
77 157
196 76
78 151
17 56
44 160
95 113
165 162
86 47
8 85
155 159
191 145
127 96
65 174
131 78
159 144
47 151
48 130
129 160
175 139
185 176
169 160
114 94
101 56
84 21
162 43
113 187
192 132
6 182
124 189
64 120
62 29
161 12
58 60
141 132
112 51
117 36
169 114
112 25
200 132
187 65
23 151
187 41
66 147
19 161
169 168
109 50
66 16
173 59
146 92
191 77
186 55
31 63
58 14
59 73
27 199
155 128
79 132
191 123
49 180
198 76
16 150
152 86
67 72
118 182
73 117
11 21
79 121
69 117
118 86
11 16
57 63
44 8
74 13
85 133
143 75
114 36
88 46
118 160
27 132
6 194
187 170
104 13
162 138
48 10
144 100
152 162
69 73
117 200
144 193
153 100
38 13
12 90
12 155
73 65
87 60
45 33
146 93
105 116
62 52
3 17
165 70
75 113
106 187
19 183
169 131
103 108
72 186
41 46
18 169
167 57
107 171
44 145
110 6
9 156
50 125
126 10
173 39
165 65
173 146
188 125
85 126
161 85
1 176
187 136
96 67
197 8
164 160
68 105
169 134
197 156
84 98
62 94
96 103
77 46
181 51
164 65
111 2
24 174
9 146
40 191
129 146
168 55
136 22
62 68
70 23
89 75
133 16
139 114
40 129
74 70
101 22
187 105
126 47
54 185
116 18
3 90
62 15
27 4
134 164
156 68
70 133
47 118
61 28
110 40
157 25
155 127
41 2
123 57
162 13
174 88
124 9
175 192
132 65
61 27
61 23
143 196
48 67
73 127
7 69
157 38
39 75
7 32
157 83
171 65
69 191
72 131
127 53
194 197
62 117
39 24
89 14
166 172
153 18
58 94
197 92
180 43
123 177
26 102
28 52
140 89
57 91
94 180
174 196
59 47
153 115
144 142
105 4
20 55
78 119
163 91
58 123
120 131
147 149
157 97
147 115
40 128
3 175
132 182
153 46
7 112
144 29
78 4
168 87
83 105
28 1
127 62
143 186
32 72
73 74
30 73
146 141
194 142
158 127
151 111
102 20
122 130
114 121
71 127
105 72
191 179
68 79
121 135
89 59
182 93
49 5
96 1
3 70
94 87
160 170
74 14
17 90
98 79
115 165
14 29
86 178
173 48
148 135
69 8
44 181
22 111
188 14
140 37
142 26
56 1
2 145
28 60
43 154
92 11
187 50
58 61
99 29
29 38
92 117
143 146
98 93
69 144
20 80
58 126
47 183
157 55
152 65
153 149
52 10
115 5
43 183
57 46
85 74
166 59
2 125
12 163
189 137
67 25
5 138
77 146
191 172
83 15
154 137
22 6
164 19
141 59
150 138
147 148
70 69
129 158
20 165
172 70
21 101
91 71
106 102
47 169
198 181
66 125
157 130
182 88
144 148
112 119
24 17
159 101
48 81
111 81
136 15
77 135
125 15
30 74
139 5
62 169
6 78
161 29
10 141
24 104
64 122
31 43
31 195
11 167
37 73
184 97
87 161
196 59
3 95
71 49
31 200
107 109
5 103
3 194
141 172
76 77
171 106
85 193
157 9
61 32
162 29
95 9
112 156
107 160
168 151
108 5
75 188
14 148
50 43
141 105
69 67
46 192
7 12
188 23
199 69
116 48
54 177
143 18
22 4
173 93
103 15
26 1
149 17
136 168
88 110
176 160
9 102
192 133
168 47
194 25
165 28
64 10
3 154
28 37
123 106
95 7
149 52
75 58
144 141
165 4
152 186
193 180
69 188
119 39
137 175
20 96
10 34
95 177
103 102
200 52
47 139
188 165
163 166
39 180
85 140
134 46
198 117
17 64
89 141
185 66
199 137
187 70
167 8
55 39
114 39
79 26
168 43
29 20
145 151
63 143
18 61
34 59
182 117
190 143
35 126
162 89
106 143
54 4
101 44
181 102
75 92
184 14
20 116
124 72
106 27
50 102
143 161
145 106
82 45
108 90
166 195
119 159
169 64
53 38
162 27
49 8
7 189
119 189
170 99
48 75
172 14
85 19
43 44
42 82
112 188
184 113
151 126
92 50
178 1
3 158
120 153
182 138
126 72
4 64
7 14
170 166
46 168
8 169
188 28
172 157
33 39
129 134
178 180
32 95
4 43
179 80
172 111
34 118
147 110
130 160
14 69
8 124
170 22
186 20
108 26
88 44
139 4
44 107
122 178
107 131
194 49
74 9
185 122
179 12
38 150
193 101
196 170
117 151
200 101
18 167
84 199
58 37
147 1
115 57
96 28
72 166
54 141
64 186
110 9
146 95
21 170
96 55
182 99
143 128
77 140
165 138
95 50
97 145
61 151
55 81
98 59
104 16
77 89
186 104
58 46
161 166
175 17
72 1
181 95
104 60
195 182
102 6
43 164
20 97
149 184
153 121
173 81
147 3
71 80
34 167
124 155
173 84
39 200
61 3
92 141
101 47
87 75
79 138
89 80
118 2
79 94
171 15
41 167
124 162
78 22
171 149
164 81
102 196
153 65
92 200
113 124
184 68
199 191
54 68
81 187
195 63
172 112
25 21
107 158
175 32
175 7
39 150
157 123
47 107
140 109
40 141
127 188
101 100
143 5
43 134
133 148
142 193
14 151
92 145
188 133
161 186
105 191
26 157
98 195
138 119
71 76
75 25
103 16
98 149
177 51
29 170
81 147
20 136
169 28
64 103
174 103
158 68
149 91
64 162
197 134
53 164
32 136
33 192
116 146
95 110
92 80
166 68
157 179
62 6
184 58
38 48
183 187
135 194
144 106
88 142
120 123
168 21
78 187
99 173
93 71
41 93
166 143
131 115
93 125
195 49
154 14
26 189
128 169
180 35
83 132
104 187
56 26
101 145
97 32
97 103
120 200
159 39
78 85
37 125
158 199
107 125
87 127
118 10
105 158
148 151
149 9
197 168
34 185
62 123
82 107
179 128
66 15
98 166
113 121
59 21
32 3
154 53
123 66
69 33
130 1
107 86
130 83
66 155
32 152
49 44
188 136
107 85
124 112
184 79
10 111
193 22
171 13
5 135
15 31
140 38
42 178
9 97
140 79
31 82
144 14
52 104
65 120
128 6
131 135
79 72
24 130
22 124
73 153
62 56
15 52
60 101
68 63
141 173
144 76
125 14
153 37
191 163
109 33
53 177
180 197
175 106
63 105
46 7
49 200
107 153
191 118
98 120
154 11
101 73
9 58
22 188
21 53
149 68
17 49
66 73
22 67
147 56
152 108
181 55
62 77
34 149
104 133
102 126
5 192
105 49
141 163
19 186
92 99
82 192
149 7
96 133
60 162
93 104
10 75
17 67
124 45
13 36
22 159
138 94
37 1
140 124
31 152
12 97
184 122
90 6
87 142
22 161
110 2
152 184
177 117
124 83
51 187
50 17
152 39
171 178
62 113
71 173
149 74
167 98
107 81
104 23
36 93
70 56
67 31
166 175
33 187
31 17
15 158
164 136
69 142
80 94
189 179
16 121
142 112
105 199
153 152
66 80
143 45
197 63
92 123
1 132
131 4
199 165
94 136
15 61
151 22
5 173
7 172
35 28
125 177
153 114
180 89
71 124
157 140
28 198
170 183
193 39
99 32
139 37
182 2
175 151
6 112
183 15
109 74
114 58
185 200
13 40
171 58
196 45
169 69
71 64
80 177
181 73
68 77
115 103
35 144
57 147
192 34
180 61
63 136
49 131
159 47
96 34
66 48
172 18
41 37
30 139
178 102
9 120
30 46
74 45
47 110
35 115
152 26
167 80
85 87
16 13
72 122
68 191
54 50
65 111
171 85
190 71
198 30
92 142
195 66
140 99
47 92
62 175
137 153
97 36
195 85
159 161
168 138
66 138
28 159
32 160
29 52
146 102
190 69
89 70
104 56
172 38
118 123
101 16
157 101
98 138
164 22
123 174
181 17
167 79
35 26
8 146
133 69
47 187
157 70
119 41
42 149
98 27
22 134
175 179
20 18
187 143
192 112
166 134
168 198
31 56
62 89
79 59
80 198
5 114
143 59
90 114
77 168
107 37
165 187
78 115
130 87
22 73
4 128
27 184
8 1
52 76
88 72
171 25
85 151
191 14
89 81
34 69
58 200
6 94
6 42
119 167
97 5
72 6
190 199
23 55
154 112
119 154
182 150
123 134
194 131
107 154
67 136
12 71
79 159
91 124
95 150
73 161
179 196
56 134
157 64
92 163
56 158
29 116
54 117
106 84
187 9
162 157
129 78
35 3
74 135
117 23
58 186
122 74
69 22
151 44
195 22
110 154
130 142
195 36
135 11
172 50
152 157
83 2
18 76
105 108
94 43
102 175
152 38
184 135
178 199
189 2
142 31
79 163
125 130
178 145
125 159
128 196
129 27
178 120
102 3
60 86
171 120
66 164
22 172
89 71
39 158
44 90
186 106
19 185
118 140
138 17
8 65
46 31
200 17
14 130
120 35
151 94
34 24
17 104
25 19
139 93
100 146
83 123
108 135
28 94
25 105
98 103
48 106
117 75
77 124
171 191
140 18
176 57
29 28
183 95
41 36
15 36
182 87
37 175
98 28
81 146
53 121
60 103
169 152
174 153
62 98
26 39
148 67
83 167
92 158
9 66
76 151
4 189
170 96
119 20
170 127
104 10
114 49
81 154
65 43
42 145
13 32
106 24
199 13
181 4
133 151
162 8
134 57
72 123
111 82
76 191
193 143
59 198
75 38
121 155
181 54
30 103
13 118
107 62
179 79
43 81
88 141
149 79
199 134
60 72
55 114
16 199
137 169
107 112
30 156
162 187
78 179
197 4
48 5
113 65
166 9
85 38
26 148
53 39
60 41
172 139
80 145
162 112
74 198
116 117
153 15
57 5
164 93
197 30
102 83
180 93
38 111
132 21
175 117
186 78
147 27
174 190
76 200
184 99
128 34
162 25
45 199
176 126
49 120
82 87
74 87
159 174
76 93
57 141
162 86
80 168
90 29
47 189
53 140
180 22
161 113
189 53
198 7
155 68
138 60
60 140
6 134
177 68
90 198
61 90
3 141
195 176
133 196
60 63
1 3
5 96
127 25
47 4
93 158
75 31
149 134
98 105
161 10
77 153
177 144
92 24
191 148
11 119
122 29
177 60
147 160
168 86
107 13
108 147
199 67
180 57
163 93
53 102
28 2
39 57
27 114
115 182
164 64
57 18
20 153
148 184
133 52
105 67
44 193
18 1
98 3
14 106
151 45
156 195
139 36
57 51
99 50
175 55
136 111
133 33
74 42
60 14
21 20
28 120
172 177
174 37
78 71
141 75
69 161
44 186
143 123
34 66
49 63
67 195
46 1
70 180
144 55
188 4
186 86
9 118
166 64
4 23
160 116
132 158
113 170
154 160
179 195
197 95
198 167
41 84
138 51
61 85
33 145
70 68
76 82
66 71
120 76
83 141
142 18
3 150
83 81
51 107
43 77
32 113
98 92
119 164
164 28
93 179
22 85
88 67
78 8
197 158
188 161
129 47
89 99
117 10
85 165
70 119
172 91
58 1
190 32
165 55
197 41
135 172
78 136
113 185
64 139
167 135
136 1
127 20
173 134
88 150
181 162
80 6
63 113
114 187
84 90
102 46
41 133
199 101
169 196
47 171
121 31
187 19
151 189
91 176
168 111
63 30
56 115
140 62
59 190
16 134
136 144
29 152
92 35
19 192
93 174
93 129
53 70
16 49
44 178
135 67
90 165
131 180
48 137
117 2
183 200
59 148
40 159
179 65
193 113
25 169
165 156
107 191
32 188