200
29 51 27 61 24 30 24 61 45 59 52 66 51 54 38 28 25 48 28 52 39 51 68 38 44 48 46 25 34 61 28 30 48 53 67 64 50 30 67 46 44 57 38 51 41 43 34 49 27 33 44 36 29 59 41 30 35 26 24 54 33 53 53 28 49 43 41 65 63 68 26 37 43 48 30 28 27 40 28 33 67 47 31 36 62 52 48 52 31 30 43 27 24 64 57 34 25 27 26 31 31 49 49 31 65 40 51 35 33 69 61 66 65 46 54 27 45 26 48 62 68 67 26 60 61 33 48 57 57 46 52 40 41 64 32 59 31 29 35 55 38 27 38 64 67 62 26 30 61 32 69 65 45 29 30 52 62 63 63 36 68 58 43 43 51 54 27 48 61 60 60 39 49 24 46 28 24 53 48 70 24 51 29 26 62 40 33 28 50 27 36 40 69 62 64 28 70 39 69 69
25
75 49 54 70 74 74 74 53 70 33 41 74 43 72 74 73 75 55 70 47 32 39 44 44 75
100
36 118
132 153
71 87
67 6
8 147
78 94
182 72
96 193
72 24
21 126
172 188
169 31
155 167
22 32
90 151
109 1
32 181
94 12
126 58
73 98
43 170
194 139
32 83
61 77
122 165
164 122
114 11
194 180
97 120
174 19
89 1
122 52
78 69
126 88
50 132
32 69
110 61
66 5
120 192
66 106
6 150
177 132
164 166
109 181
5 93
184 8
166 181
160 166
93 42
106 189
78 114
87 66
112 176
162 90
150 145
181 186
43 21
196 136
10 116
32 41
14 155
46 176
22 199
170 156
144 137
124 138
61 190
43 122
164 129
88 174
40 95
108 85
123 32
57 90
144 60
88 114
160 135
95 46
89 56
150 1
190 27
96 107
24 28
23 158
60 177
199 103
191 121
141 31
196 110
40 71
54 194
56 143
145 29
144 67
15 132
70 39
159 147
36 125
192 168
186 51