150
63 38 51 53 37 58 21 29 27 57 54 24 45 62 37 41 65 26 47 46 29 45 41 62 65 48 41 36 21 50 33 31 50 40 35 21 30 54 60 46 26 19 52 65 21 56 49 63 27 34 41 52 39 55 40 47 57 39 64 39 34 42 65 19 40 60 25 23 65 58 22 25 26 55 28 50 63 62 63 33 31 32 64 39 36 52 59 37 53 28 33 48 55 45 62 64 20 60 50 24 30 30 64 19 52 25 25 52 51 47 38 33 44 65 45 58 23 43 61 61 42 59 62 33 19 21 59 50 61 65 51 60 61 55 28 63 40 22 22 24 23 26 31 43 62 58 33 42 63 43
20
30 67 34 29 69 66 70 65 51 68 42 70 67 44 41 27 60 32 65 66
60
53 43
5 102
115 38
43 8
139 4
8 53
136 144
19 89
95 119
24 129
73 110
102 84
19 25
62 139
72 31
20 121
20 99
14 77
124 92
124 150
128 79
41 126
18 123
74 35
7 42
109 70
13 106
15 43
5 7
20 88
31 77
33 49
43 82
123 125
63 25
42 97
68 5
28 7
101 12
1 5
19 24
114 112
16 84
27 143
22 123
135 140
37 84
31 129
26 36
35 98
102 132
79 85
24 7
116 98
14 148
143 118
81 13
136 57
136 26
78 122