200
22 59 56 35 39 33 51 29 59 51 41 38 51 56 46 55 50 25 42 22 47 59 44 51 42 25 20 22 37 42 37 48 43 58 20 29 22 49 55 44 57 54 35 45 28 33 42 43 24 21 21 24 46 31 31 24 33 35 26 54 50 36 36 20 29 23 30 48 43 28 47 51 37 25 46 57 28 28 23 57 29 42 41 21 48 45 40 52 46 27 34 57 33 54 21 35 54 45 27 54 57 46 22 40 25 53 31 54 37 46 22 55 47 41 56 28 41 27 54 40 26 23 42 48 59 20 58 27 51 22 58 36 59 21 44 58 38 27 50 56 60 24 55 57 23 46 20 60 22 35 51 52 21 30 33 54 34 21 57 20 60 27 60 30 39 38 20 41 28 28 36 43 35 29 48 42 21 32 23 48 39 25 46 33 30 38 50 23 46 58 57 27 32 21 52 54 55 25 36 21
25
60 63 61 39 63 63 65 60 26 65 64 61 65 65 62 63 64 30 61 55 63 64 61 64 51
500
178 155
130 152
8 200
53 1
145 5
184 22
161 181
98 32
186 112
120 144
8 185
136 59
69 42
185 106
85 158
71 45
184 157
1 106
50 200
145 122
165 136
79 41
35 194
5 175
94 69
89 80
178 23
164 158
85 150
87 106
58 151
41 58
41 14
144 56
19 120
120 137
107 59
12 137
126 33
170 110
28 97
95 172
90 96
79 151
84 23
159 168
93 47
103 179
20 142
34 194
144 96
125 11
162 103
174 193
144 152
142 48
29 168
26 121
60 88
1 129
21 194
53 132
53 35
4 27
47 178
37 101
38 33
29 124
181 78
79 181
9 36
114 52
30 6
183 151
182 143
190 122
88 190
36 145
36 102
191 113
4 132
146 168
25 96
84 133
115 44
121 48
123 135
28 85
72 191
115 90
12 146
93 190
148 75
103 22
74 43
151 132
138 112
39 183
100 129
26 152
172 70
131 1
143 136
70 66
17 196
84 162
138 97
43 118
49 16
184 56
114 126
90 41
149 188
192 198
130 4
19 119
121 150
90 52
22 55
20 73
69 98
84 144
160 154
89 42
55 147
67 31
143 19
187 84
148 178
193 137
64 27
160 120
132 60
103 111
89 52
18 180
86 8
39 15
45 114
54 142
166 191
126 15
4 166
198 37
3 68
190 136
124 188
197 139
196 123
187 162
3 41
163 194
194 74
44 86
158 2
51 147
142 149
184 128
162 106
47 166
119 54
45 182
137 135
172 32
49 108
66 27
91 31
47 179
151 128
100 184
65 55
24 166
53 161
188 21
126 7
124 159
66 7
196 147
196 167
127 146
125 200
34 123
175 177
72 179
134 76
16 97
139 5
5 90
44 20
74 115
86 109
28 41
180 131
166 22
171 118
69 113
150 142
47 15
156 133
114 151
188 32
176 154
157 36
146 66
43 130
71 77
155 55
116 190
84 35
98 100
56 20
53 15
69 102
171 108
143 83
182 172
150 77
75 192
13 78
133 78
3 48
128 78
111 115
88 37
106 155
190 108
83 109
115 113
148 171
172 179
31 44
176 139
188 192
8 109
89 73
104 120
3 108
153 11
30 131
59 4
32 115
50 107
109 44
198 90
2 3
111 181
27 159
76 120
155 170
132 163
64 118
102 198
136 139
73 176
29 182
146 56
21 104
46 35
108 122
71 76
124 17
188 28
200 69
164 60
25 107
6 85
38 43
131 143
32 182
112 91
183 178
120 77
154 194
191 193
118 160
180 144
100 36
91 143
35 88
87 192
52 5
25 198
151 103
1 128
172 71
144 29
56 131
14 60
73 182
105 111
161 76
114 158
102 61
147 92
52 194
188 80
125 87
143 199
128 43
151 141
140 173
60 2
46 118
72 35
183 53
85 66
116 111
194 80
180 170
104 59
133 12
55 52
16 104
79 194
61 177
141 74
74 142
23 63
84 8
57 76
99 103
170 34
78 79
129 165
167 9
98 80
51 18
69 198
60 98
88 187
33 140
166 19
119 159
18 159
90 30
50 133
73 84
96 54
157 173
95 139
10 170
78 66
8 98
5 7
110 17
59 45
93 118
137 66
157 48
138 116
154 140
168 102
58 189
28 142
178 93
7 172
55 48
197 135
128 93
165 74
44 15
134 78
187 139
41 183
14 23
33 55
12 141
79 22
77 67
16 177
197 124
13 81
145 150
157 120
16 109
180 161
52 166
148 40
68 120
72 118
140 176
91 1
25 45
102 82
48 162
6 21
192 50
123 39
95 76
94 1
22 172
160 93
9 200
8 36
46 150
127 180
137 143
185 138
195 56
111 2
196 169
157 14
138 15
50 184
56 153
6 102
45 68
143 8
6 187
85 180
102 181
102 134
154 72
49 169
88 14
124 184
171 20
89 56
144 195
193 135
35 198
74 112
181 190
127 39
116 10
50 44
66 147
13 28
161 177
11 128
124 143
106 128
121 183
173 87
163 131
172 53
3 27
45 148
18 77
25 190
29 103
133 55
37 94
194 46
134 96
41 69
182 33
137 37
172 181
4 175
92 20
58 190
187 138
59 21
4 196
85 43
41 25
142 30
78 142
105 132
61 46
188 111
161 144
195 29
187 35
196 104
176 186
4 44
43 114
54 34
69 156
108 57
21 15
91 75
27 188
169 44
152 85
186 160
17 173
31 154
9 108
138 145
19 148
79 47
196 49
117 42
73 144
170 4
140 114
156 107
104 97
190 149
67 123
8 119
180 36
128 94
149 156
153 188
6 73
171 26