200
49 32 39 32 48 44 50 42 44 33 24 20 20 27 31 35 50 48 24 49 36 50 38 33 32 35 44 33 41 50 22 47 47 43 33 26 39 26 49 38 43 40 46 21 23 32 29 26 21 28 43 35 35 49 49 50 43 32 43 31 40 29 45 39 45 35 50 29 30 20 35 29 40 37 20 49 35 27 34 47 30 40 45 25 38 48 49 33 50 27 36 44 48 37 40 29 33 35 45 38 32 34 23 30 30 32 22 22 39 36 47 35 31 32 29 23 29 31 35 25 20 49 24 28 37 49 21 25 27 24 46 48 22 24 50 44 35 33 31 21 26 37 24 39 49 46 26 23 25 28 37 40 44 33 33 22 35 28 47 31 25 41 23 36 49 37 32 47 38 22 29 32 37 32 27 40 37 44 43 42 32 48 33 37 24 50 45 44 20 50 34 47 37 31 32 42 26 38 34 41
25
55 40 25 20 45 28 26 55 49 22 35 51 37 23 37 26 38 47 27 31 55 39 43 24 54
10000
190 101
84 192
169 185
187 57
103 137
10 5
110 108
191 26
143 198
156 114
83 153
131 12
32 142
171 88
178 83
196 93
146 22
66 37
47 72
133 161
41 20
160 62
161 6
48 28
23 38
64 58
64 74
77 21
151 98
181 35
95 175
67 82
57 110
100 174
79 47
80 195
101 191
44 83
124 169
58 125
185 109
58 61
89 147
5 137
13 68
130 3
54 195
24 145
180 19
47 195
59 65
195 74
111 93
28 144
50 144
189 7
136 51
184 23
8 157
91 37
96 64
8 109
98 182
19 86
151 183
130 137
153 92
40 33
5 17
130 132
143 141
114 154
25 34
102 179
168 162
190 107
11 22
3 75
190 115
9 169
37 113
63 83
100 3
189 114
31 100
85 24
29 24
32 79
32 16
169 129
15 100
25 193
127 65
181 105
182 45
72 38
145 25
130 9
161 143
177 33
99 168
134 132
163 28
19 30
6 113
125 197
169 166
187 171
179 47
27 154
84 50
99 48
174 173
129 55
33 133
125 9
93 100
1 111
174 139
123 153
44 124
132 144
35 112
50 14
146 151
165 33
154 6
97 192
113 34
117 131
166 63
155 116
103 119
118 82
106 22
178 159
96 92
109 198
86 40
157 116
82 126
78 157
56 1
99 81
154 35
28 47
90 135
157 148
114 79
152 65
49 151
150 102
65 180
145 136
163 25
13 98
154 131
111 105
2 127
160 129
19 95
138 20
5 4
67 150
177 159
70 173
138 147
96 86
186 128
45 16
27 2
120 181
19 164
38 42
92 133
27 110
10 166
107 192
69 175
169 95
97 116
139 96
146 115
66 49
42 95
164 33
151 21
171 30
30 99
162 92
81 15
46 165
22 123
169 73
26 8
85 7
173 179
92 102
60 181
102 195
34 108
179 71
191 34
67 186
164 72
175 180
71 18
63 199
75 127
176 146
189 110
150 28
125 159
112 166
87 75
187 17
120 150
144 197
178 3
25 128
46 19
69 167
29 154
136 97
175 93
194 197
137 165
45 109
79 122
136 34
119 1
74 179
166 89
195 35
46 60
116 133
87 117
62 51
24 15
39 136
117 69
178 190
182 40
59 4
101 76
121 41
38 89
154 51
97 112
50 94
88 186
49 147
79 70
11 134
78 15
41 158
24 73
63 10
129 93
66 68
160 11
50 153
112 178
58 169
8 28
41 126
195 57
193 74
170 198
107 50
143 180
93 101
11 69
10 74
139 1
42 68
117 27
139 130
137 24
16 152
154 80
24 86
147 53
143 192
164 197
190 27
117 102
91 153
134 105
91 6
143 191
161 157
161 32
125 176
52 127
143 5
12 17
32 86
147 170
71 162
54 83
12 170
185 128
87 163
53 141
52 50
45 89
95 130
80 157
177 103
36 196
108 126
142 135
197 39
25 152
150 200
179 89
144 110
123 18
148 105
129 4
23 147
68 40
181 190
44 181
92 113
128 24
17 121
94 68
118 7
79 189
69 200
32 177
161 95
154 24
12 154
154 175
65 86
114 77
27 24
46 156
198 116
78 112
185 199
177 20
112 83
127 176
57 94
162 176
143 164
162 49
3 24
168 141
37 102
141 33
85 99
183 138
11 88
56 168
166 71
163 190
117 6
157 176
168 46
10 107
113 94
109 18
136 92
116 180
158 136
156 167
106 87
119 95
79 133
143 52
76 135
91 94
53 122
101 91
1 45
39 91
124 86
170 145
5 113
162 171
92 105
113 196
44 125
100 96
99 104
172 108
74 32
65 121
146 111
58 156
189 4
95 90
54 171
55 89
44 113
92 32
18 167
157 133
198 137
59 77
73 186
140 181
55 199
47 5
1 69
134 44
158 64
127 141
141 122
141 115
133 152
116 38
143 182
131 64
81 168
45 47
182 96
100 82
170 32
14 143
92 185
62 22
14 108
123 62
144 162
75 34
126 174
174 4
91 169
7 160
134 179
16 25
88 37
60 188
170 84
26 199
61 172
24 198
93 115
152 12
10 155
124 51
6 177
46 120
160 183
42 192
149 33
99 175
115 66
81 122
136 8
95 79
38 55
160 128
43 75
15 188
98 145
138 123
115 171
127 192
182 118
98 68
6 168
179 11
109 4
122 120
184 186
134 174
109 155
127 108
76 181
122 199
186 196
6 181
10 123
95 57
133 44
70 194
97 41
17 173
90 60
18 32
135 126
180 198
128 199
121 66
26 57
59 161
16 106
13 116
144 133
118 129
104 108
91 8
7 191
57 35
114 174
22 184
103 102
54 108
163 56
158 23
44 34
148 41
122 24
21 166
69 33
71 35
160 31
99 137
81 30
91 56
78 71
161 114
57 45
29 196
164 144
30 159
30 119
133 46
191 192
73 55
75 154
125 187
171 167
135 193
116 99
95 2
95 124
78 113
170 7
113 185
3 176
161 51
106 144
166 20
143 185
154 185
56 58
169 98
48 159
115 28
180 10
31 120
154 13
176 144
158 67
14 171
198 105
65 191
119 67
89 17
175 120
73 50
53 186
117 113
92 179
3 102
70 60
109 115
105 48
99 142
55 127
12 71
90 118
71 30
91 116
18 90
165 31
186 47
22 78
56 108
171 180
32 190
83 189
50 192
153 2
79 8
97 69
85 148
59 56
66 85
127 3
2 55
133 196
121 77
42 178
50 200
125 158
194 189
189 99
66 90
137 21
117 31
186 168
1 121
165 193
67 122
200 172
79 15
71 36
133 55
62 81
58 97
63 128
50 26
38 123
63 153
185 12
45 96
121 15
91 18
21 53
48 83
111 119
49 101
61 20
56 114
146 70
116 171
21 98
160 65
112 152
168 59
185 193
187 72
157 10
29 18
30 6
158 169
31 115
41 147
23 103
72 180
38 88
154 192
143 96
57 173
107 114
84 142
187 140
186 82
89 69
98 187
158 148
163 106
98 44
40 112
130 118
200 181
26 83
195 148
62 195
196 114
155 174
145 79
44 142
171 48
96 193
19 48
25 9
117 171
144 40
116 168
59 13
105 110
180 149
87 44
73 26
188 103
3 155
148 43
174 172
45 63
175 128
85 113
154 66
101 114
150 181
23 30
73 154
51 162
151 128
146 77
108 99
184 71
190 18
123 29
143 136
59 70
179 180
97 102
58 86
26 44
63 155
68 106
150 175
76 115
18 86
174 161
108 4
98 127
163 117
180 59
170 42
43 30
162 120
119 129
97 43
89 20
68 162
75 13
151 162
50 2
31 71
142 147
59 164
174 28
157 92
65 21
37 86
178 168
96 200
145 157
187 178
103 198
93 172
163 126
91 55
44 104
18 142
66 160
138 62
150 48
49 72
32 153
143 2
131 142
74 104
82 145
84 38
195 97
143 88
65 153
21 177
22 141
177 109
7 133
81 175
156 95
2 138
33 100
165 95
81 66
4 193
151 29
177 191
45 56
85 153
5 95
42 69
15 2
138 99
128 114
27 178
187 41
15 63
6 31
99 122
73 153
91 194
101 105
19 122
191 185
122 138
168 108
153 107
37 186
192 32
35 101
129 109
12 183
34 195
92 128
105 158
111 77
177 137
71 50
101 103
200 51
129 190
11 151
93 105
103 7
103 19
62 13
35 139
78 30
169 32
117 178
44 108
134 75
162 133
11 63
51 2
20 132
79 22
144 73
88 39
200 102
153 130
58 37
102 170
63 157
179 23
192 162
124 6
86 11
95 96
141 38
70 88
128 170
31 196
200 16
59 5
145 55
160 55
29 129
105 127
6 125
34 145
11 17
109 191
158 21
87 35
141 85
158 160
169 18
169 147
138 29
46 131
143 171
135 53
179 121
171 86
88 35
199 7
22 196
199 21
163 79
134 148
114 18
187 122
105 38
90 104
117 119
140 31
29 60
161 71
195 98
196 109
143 152
51 128
52 77
96 65
184 153
129 103
42 71
195 59
60 140
120 79
26 151
97 166
106 45
190 60
13 190
123 179
122 184
9 47
18 31
19 155
73 45
105 83
196 16
1 87
171 38
74 143
76 19
96 186
158 126
10 57
183 28
127 17
77 200
184 142
11 33
167 56
101 75
150 153
143 111
156 1
178 110
84 181
25 133
160 135
70 152
167 74
24 14
197 50
127 174
1 19
178 4
149 138
19 85
61 25
91 24
116 82
8 45
182 115
154 141
87 116
118 154
75 157
182 116
195 169
55 200
64 162
3 30
4 9
140 45
124 133
192 51
152 31
183 3
170 129
194 116
38 4
143 66
190 34
189 120
61 96
131 125
183 67
14 103
175 73
54 40
166 196
55 72
125 13
142 120
194 199
192 119
143 95
3 82
149 113
192 54
55 14
44 110
39 4
120 93
87 176
40 57
11 2
81 87
31 104
98 80
163 125
190 185
115 21
60 156
128 194
30 138
107 124
195 147
145 95
132 96
134 22
120 25
175 158
188 193
67 47
61 104
82 115
187 120
181 196
75 28
59 183
30 52
79 176
45 2
32 83
176 85
54 42
144 101
98 83
57 185
191 25
19 177
195 12
199 93
149 38
57 3
158 181
29 169
135 103
92 122
14 132
115 18
94 19
105 60
158 12
31 180
30 88
176 39
76 16
120 12
159 42
12 102
76 92
168 28
135 73
56 38
126 160
38 134
149 5
139 34
107 112
169 76
103 58
45 199
114 119
142 193
133 120
76 118
45 146
171 191
68 166
122 175
197 153
79 110
154 178
181 39
98 141
146 165
48 129
87 198
169 181
150 115
167 175
14 187
126 29
119 171
5 168
129 76
145 191
85 170
37 20
85 27
66 88
13 15
85 111
195 162
172 86
65 118
80 109
142 17
167 17
157 160
38 193
86 34
39 50
32 38
193 51
47 134
85 42
105 70
91 161
141 109
152 39
149 104
91 183
52 19
200 29
127 116
194 72
185 160
53 18
75 158
134 100
11 162
72 154
38 125
127 200
66 17
73 10
162 32
197 155
95 174
75 8
55 41
118 144
146 116
86 102
96 67
132 60
115 161
26 38
148 186
1 186
171 35
168 33
158 95
98 87
125 56
114 86
5 197
50 62
56 86
27 103
173 66
179 27
142 9
78 60
27 49
127 171
56 22
147 7
177 164
15 67
191 3
97 94
149 14
92 79
108 21
163 40
60 113
53 83
147 141
139 189
177 195
20 196
107 185
192 7
159 11
117 40
194 33
26 69
5 102
65 174
83 103
18 156
6 155
122 52
44 127
41 199
177 62
69 7
181 51
79 197
140 117
121 155
114 108
160 15
128 169
58 171
167 181
42 137
88 112
23 185
152 97
43 175
129 97
161 177
164 183
78 107
166 111
156 9
135 11
98 155
99 132
87 108
166 28
52 18
100 74
65 135
16 85
129 104
168 197
14 160
10 54
110 126
120 194
113 43
64 118
39 3
79 28
132 190
16 1
172 150
40 49
76 113
147 183
155 133
29 54
47 197
109 88
161 33
150 117
33 8
84 135
158 54
37 97
31 123
174 94
169 14
33 119
100 13
93 26
154 82
160 81
154 143
75 109
152 17
124 176
182 103
156 194
135 162
33 30
169 94
143 199
117 3
122 165
91 90
17 30
12 65
14 120
36 69
128 171
64 92
123 16
38 194
93 68
12 35
178 172
55 194
169 107
141 49
46 138
115 136
174 102
143 81
37 185
39 100
101 199
89 153
12 13
135 153
145 105
67 30
199 99
48 98
189 25
67 14
138 67
35 193
114 130
146 63
50 12
36 59
150 133
79 19
92 89
124 140
77 36
124 8
101 15
146 119
154 36
192 20
46 176
194 117
196 33
33 195
107 84
16 103
137 14
65 123
41 193
190 16
152 68
44 77
173 168
30 195
57 75
73 52
174 166
59 154
110 67
152 115
193 174
72 182
152 55
44 197
34 65
21 70
194 166
172 149
31 73
114 31
140 65
110 164
188 19
116 44
69 14
89 169
120 184
129 102
110 113
114 21
114 11
93 157
130 92
130 186
200 62
32 151
193 99
154 180
128 62
153 125
86 15
155 177
149 151
147 62
92 7
107 147
73 189
116 21
103 178
18 39
23 110
156 177
135 176
74 62
123 101
90 141
44 182
127 144
142 11
195 52
176 103
36 160
184 63
30 53
189 131
14 87
117 76
34 144
118 109
199 12
153 147
121 195
70 64
142 168
81 26
114 143
178 65
146 120
44 180
153 142
36 146
92 36
197 83
108 132
124 167
199 38
134 40
10 78
128 49
129 8
184 131
63 3
32 96
32 3
51 113
64 23
154 194
178 179
174 35
61 55
68 137
193 132
141 65
83 118
86 36
40 102
94 168
65 99
140 151
194 164
14 42
26 173
21 195
53 95
111 36
5 56
146 55
50 108
187 155
20 53
160 45
43 42
42 23
119 75
20 113
105 189
153 31
178 17
37 77
51 110
62 9
79 57
33 128
183 105
3 98
83 19
193 192
179 88
189 62
187 110
29 10
93 112
110 106
15 29
56 152
148 29
176 44
68 179
137 160
100 120
11 169
164 17
41 33
117 94
89 105
160 82
130 150
155 127
155 180
183 97
125 129
180 16
6 195
190 160
152 171
154 176
18 73
162 50
123 139
123 39
38 60
57 200
69 162
15 149
175 127
9 196
130 198
72 125
22 138
137 97
135 94
130 117
32 147
177 75
51 4
50 83
128 197
131 175
74 200
152 176
31 179
11 152
133 94
140 173
153 72
136 5
130 17
144 177
132 98
23 137
74 111
23 196
4 64
122 130
169 68
17 150
91 88
117 132
102 93
128 86
42 11
105 156
18 69
78 174
150 15
175 182
197 26
195 109
78 29
29 176
123 40
145 168
79 81
200 63
44 10
163 197
164 108
163 146
55 135
4 35
40 88
21 186
123 89
10 197
143 71
147 127
187 137
61 30
106 136
200 8
191 48
140 138
84 87
143 75
54 49
97 121
137 199
67 94
167 141
158 83
11 70
57 111
137 145
39 28
165 157
141 189
194 60
116 139
21 46
173 60
31 49
27 196
130 72
192 55
68 33
117 90
124 97
159 20
63 70
38 144
108 35
122 152
25 78
150 86
139 194
68 1
144 43
54 2
200 17
9 168
112 125
180 105
148 117
198 98
153 183
58 31
115 153
15 32
178 188
45 92
125 188
21 60
171 4
45 60
79 18
49 46
109 68
133 165
30 84
36 143
173 132
149 88
93 127
47 130
105 154
41 191
175 12
136 177
22 181
50 44
66 122
167 162
95 81
139 129
24 177
179 62
193 147
4 85
41 145
119 163
162 45
7 150
173 100
127 121
19 47
185 95
24 158
79 158
1 74
169 82
124 136
62 4
127 181
21 52
189 193
98 37
46 34
106 107
184 154
84 33
147 180
154 149
6 28
139 47
22 15
39 47
68 115
91 138
19 141
40 151
35 135
127 88
159 51
18 58
123 5
56 119
164 153
142 24
187 165
126 168
75 103
168 63
185 119
199 169
36 179
12 95
72 110
94 147
92 84
43 160
109 137
135 77
32 179
159 14
135 102
94 159
175 40
189 59
101 29
23 101
148 34
85 146
199 108
165 155
194 10
151 36
154 110
7 157
107 83
101 37
87 60
183 66
15 53
10 104
3 68
51 139
160 108
103 104
55 134
11 58
117 153
110 40
181 79
59 101
3 152
18 8
109 85
139 11
158 5
96 35
148 114
57 118
61 49
66 30
17 14
115 100
58 25
81 196
68 198
134 60
199 60
56 27
196 21
90 112
156 17
76 144
98 153
117 20
138 4
154 88
29 166
187 28
99 69
191 113
131 2
64 83
133 179
35 5
180 102
92 129
143 170
138 55
108 17
181 180
30 154
99 111
80 1
49 91
137 88
34 92
170 172
159 102
121 134
121 115
111 32
108 187
120 161
120 89
195 164
110 151
130 63
88 107
61 120
115 103
119 175
41 183
35 117
84 1
56 99
68 139
162 82
8 59
188 147
191 40
196 118
80 8
80 6
23 19
47 74
80 133
54 117
75 20
81 4
178 15
192 53
19 64
53 110
7 41
190 152
29 164
140 103
142 138
16 15
97 66
145 153
78 155
87 119
150 63
131 155
155 97
115 29
147 186
162 179
147 118
121 164
158 16
88 194
34 83
200 53
46 59
170 161
17 106
119 69
162 166
180 163
2 84
97 188
56 121
157 62
38 140
180 2
103 76
197 3
56 67
22 58
10 68
80 53
185 31
186 31
83 3
89 33
116 75
144 23
6 25
154 87
188 34
197 186
190 97
58 28
171 102
106 142
33 189
12 146
114 122
43 159
137 124
115 47
85 63
85 105
108 16
11 125
191 167
153 182
105 131
194 174
141 112
64 73
200 78
103 13
159 22
65 130
102 144
39 24
21 62
9 30
184 178
46 164
22 33
22 27
85 45
156 69
13 29
110 200
75 128
30 107
139 167
70 34
41 128
32 160
115 88
76 22
187 10
87 26
169 179
145 179
19 44
4 58
78 164
82 135
192 108
109 24
46 58
173 98
147 81
199 158
64 155
55 18
52 170
11 38
130 27
114 24
101 95
107 126
73 80
184 56
11 106
97 85
135 108
144 184
72 65
58 33
137 37
129 96
130 200
25 111
185 149
42 152
122 34
193 59
52 35
81 177
99 6
10 94
166 66
143 175
19 97
13 134
42 160
191 39
147 19
31 48
56 42
192 79
49 188
65 33
75 73
156 67
185 75
133 99
33 106
101 161
75 196
180 169
16 29
172 103
73 124
20 42
52 29
11 90
195 99
160 138
39 125
21 47
36 11
80 179
9 121
91 66
73 7
53 29
117 105
53 50
12 37
195 9
103 174
123 108
35 137
188 52
194 57
61 38
73 111
171 49
145 23
37 5
193 190
10 167
74 71
173 144
105 138
149 186
74 55
134 191
147 178
179 187
49 48
181 198
21 56
16 6
150 161
46 190
12 80
130 105
141 2
48 184
77 133
105 69
122 98
20 145
6 19
168 89
151 92
158 191
139 39
77 163
164 158
63 36
82 48
85 15
145 52
122 121
84 199
166 31
197 122
69 184
159 63
11 64
174 129
91 93
89 104
35 75
128 56
121 61
51 178
92 104
152 189
132 1
108 18
128 116
67 11
54 198
49 131
68 114
68 15
106 187
153 9
195 13
7 75
168 167
193 33
178 197
186 10
177 90
191 51
83 4
164 14
146 129
171 20
84 164
65 69
90 162
99 182
2 135
121 190
134 140
155 80
6 183
73 130
170 69
70 23
163 94
196 41
190 91
71 40
32 88
58 112
126 57
127 97
36 104
28 189
85 50
11 165
5 145
144 180
83 182
178 128
37 87
14 9
191 71
166 90
26 108
122 115
163 170
150 113
187 50
132 22
94 71
127 19
10 75
129 15
30 112
141 66
142 172
128 9
6 152
12 187
120 159
99 184
39 106
24 68
98 99
190 52
134 71
33 23
44 112
105 106
152 175
44 184
63 59
140 98
163 122
62 77
180 176
75 171
120 95
150 9
75 23
61 63
87 157
129 120
5 134
148 86
38 118
55 148
161 181
101 3
32 39
139 141
184 84
160 147
92 4
43 136
75 179
61 24
1 75
56 18
200 10
146 142
195 130
161 43
4 79
176 22
67 32
11 116
31 195
88 167
26 158
151 189
116 55
16 168
92 18
157 128
71 79
71 141
45 164
141 137
147 131
49 85
170 130
107 102
163 35
159 193
43 39
21 106
172 39
37 155
45 75
37 158
181 136
97 9
169 104
184 199
195 165
57 68
28 72
17 1
96 136
138 185
141 126
73 95
59 134
187 2
54 78
141 178
42 183
144 69
76 28
135 190
126 45
124 61
56 190
14 28
106 196
18 67
158 116
36 109
16 57
187 47
173 154
132 141
184 121
59 141
171 140
190 86
44 109
172 144
119 3
30 56
8 162
160 144
84 93
104 106
62 154
10 21
11 103
141 172
116 27
68 74
67 8
124 24
28 42
159 145
153 34
74 108
46 40
140 111
50 86
168 79
92 35
190 108
64 71
40 125
40 177
85 139
27 180
154 123
49 179
154 85
171 134
106 5
121 57
119 88
147 44
117 189
3 111
143 58
8 92
84 140
3 85
48 6
22 66
91 95
110 98
60 79
159 130
92 195
175 36
147 122
51 56
55 16
142 160
73 176
23 36
87 42
104 130
148 45
195 193
102 84
25 8
18 70
100 24
157 139
7 26
200 2
20 39
65 166
169 113
5 74
175 124
68 112
171 111
112 23
24 64
168 27
124 41
53 79
6 67
29 149
103 199
64 133
179 1
70 187
163 171
82 104
120 179
193 83
177 64
127 129
48 44
10 69
198 179
41 120
76 13
89 29
80 162
165 1
71 125
179 83
176 19
77 57
17 79
156 107
131 8
35 93
49 15
174 136
163 127
179 189
150 197
22 198
126 117
47 167
198 117
18 174
167 176
98 91
56 169
133 105
38 172
79 62
15 43
4 194
123 3
37 41
171 141
76 78
153 79
55 88
61 192
122 44
112 115
131 190
22 149
84 35
160 103
60 5
113 181
13 135
164 128
106 53
22 125
165 70
111 95
97 109
38 73
15 143
145 63
73 188
62 83
146 168
106 34
124 142
39 144
141 42
47 34
94 29
135 172
186 51
26 91
183 85
182 176
185 26
70 149
163 142
11 163
116 151
152 199
11 124
124 150
59 108
86 105
167 103
119 183
18 101
144 145
81 102
177 29
33 127
112 192
92 88
98 143
140 121
138 117
123 171
88 136
82 200
131 75
74 96
80 70
175 64
29 99
141 159
177 196
174 17
118 113
142 114
102 25
18 186
146 185
25 132
117 74
135 57
94 175
175 145
148 156
55 46
22 102
32 80
189 74
146 27
58 119
20 152
72 120
114 10
157 103
184 130
190 138
134 175
139 117
166 120
17 123
90 160
13 3
102 15
40 56
166 5
129 79
89 63
81 194
41 150
86 196
190 82
28 40
104 48
34 112
149 109
50 13
108 179
31 87
110 78
115 172
97 79
191 79
114 172
75 40
187 62
11 68
2 177
162 163
66 197
82 119
174 29
47 143
56 52
85 112
94 194
15 151
33 157
141 195
52 80
11 73
15 54
39 48
145 199
127 27
106 23
48 2
95 65
77 185
70 172
69 185
17 61
62 125
196 89
103 186
134 185
92 166
61 136
158 103
178 153
2 10
10 143
2 112
94 22
28 147
193 121
195 161
102 149
82 185
118 96
57 32
123 168
164 83
177 74
4 68
30 94
28 131
73 137
8 37
190 172
164 37
17 2
29 185
152 183
81 187
167 140
27 33
25 47
155 30
94 197
29 175
154 71
137 92
188 86
86 87
116 123
99 28
174 179
163 81
97 24
131 56
162 181
187 183
108 133
194 64
76 63
63 121
197 56
156 76
121 16
17 159
112 74
129 188
121 93
80 190
106 185
17 199
34 12
59 7
196 197
176 118
172 18
152 98
156 64
51 70
193 85
52 172
39 35
175 11
186 187
125 136
69 27
93 10
84 146
176 71
152 101
97 179
114 178
68 147
166 193
102 100
102 188
104 29
147 47
40 11
82 93
163 165
81 98
54 196
161 110
173 52
35 16
127 177
183 33
141 27
189 144
45 145
73 129
36 93
31 108
186 115
103 120
122 154
171 186
10 97
36 58
148 108
129 7
162 122
173 177
122 131
20 168
82 172
154 132
192 16
122 9
189 85
179 112
9 179
82 174
123 81
171 76
111 130
74 37
185 96
13 147
128 65
48 23
122 108
50 66
175 89
170 16
8 103
98 6
101 116
54 24
58 144
173 24
29 111
150 25
14 197
122 18
182 114
98 112
92 71
123 192
145 39
95 39
171 195
161 184
39 196
57 141
61 57
18 106
8 71
58 83
18 135
170 68
39 150
64 113
122 26
67 44
40 30
24 118
106 160
136 86
63 48
161 74
26 105
67 125
193 21
128 73
141 177
55 34
97 96
190 162
97 159
181 187
61 110
173 7
18 144
107 45
113 22
179 70
59 129
173 108
150 135
154 16
86 181
139 181
66 35
157 85
55 196
29 180
59 21
54 69
107 57
62 38
80 186
73 171
79 200
185 183
154 45
143 4
139 101
167 149
88 128
118 91
142 45
104 86
13 90
141 107
179 171
199 186
122 55
76 170
21 170
38 10
149 161
161 31
161 134
125 96
182 163
152 137
179 126
89 10
55 95
141 64
67 91
4 33
165 197
94 121
35 120
35 168
104 180
67 173
182 146
41 184
28 127
140 56
62 27
28 102
58 35
68 199
81 108
196 182
36 98
200 112
12 92
136 87
165 71
33 136
99 2
120 66
118 13
60 62
54 33
60 39
166 58
114 192
57 130
36 182
136 144
179 28
86 43
136 38
90 164
116 86
103 2
60 149
184 182
15 1
162 98
181 137
23 47
68 155
40 5
73 44
66 181
2 85
22 61
84 45
190 21
85 6
72 7
189 20
49 107
165 25
82 180
180 177
2 57
147 16
3 151
104 50
103 133
61 69
49 180
104 119
101 149
51 11
114 3
174 10
68 5
167 87
30 177
165 111
71 61
119 106
65 30
17 19
98 181
139 78
76 114
59 88
52 185
166 195
27 169
24 10
123 145
42 112
56 13
159 181
130 74
114 23
46 97
111 27
144 116
180 114
147 166
23 141
151 191
89 154
183 149
174 120
27 159
14 134
169 132
95 132
174 150
184 123
74 51
54 36
42 198
154 162
192 60
78 79
161 144
182 156
109 79
5 96
60 163
141 77
136 95
117 162
89 186
56 60
168 137
71 7
82 109
142 133
18 110
10 7
48 69
4 172
158 101
103 187
3 159
4 179
104 43
21 35
106 47
2 159
74 8
16 62
165 43
181 164
87 133
69 196
128 146
97 12
200 35
102 109
104 109
10 15
53 187
5 36
185 102
131 127
127 193
136 82
43 68
58 16
135 67
139 187
40 174
9 40
6 22
70 143
121 11
30 51
97 90
50 119
71 13
179 85
59 173
24 110
140 162
9 27
138 134
41 133
113 93
33 45
5 177
34 186
116 41
177 27
72 53
166 74
127 187
164 53
182 188
27 174
194 19
182 123
162 86
118 121
36 152
95 6
54 124
133 187
162 110
8 166
45 42
29 139
154 200
79 148
167 44
36 131
53 39
66 38
136 157
16 104
2 49
142 90
51 71
127 63
173 102
159 144
19 39
140 52
58 159
70 58
141 165
51 122
126 151
91 25
179 44
19 87
110 84
177 168
128 143
114 181
137 184
197 135
183 48
146 174
101 56
93 8
37 119
156 151
36 159
8 107
70 66
139 155
62 48
200 13
107 132
55 123
128 189
41 155
45 194
52 196
166 144
71 62
139 41
146 65
34 160
6 73
91 19
69 141
169 53
147 125
17 26
112 109
75 195
44 64
160 69
43 80
89 98
163 109
108 169
122 186
143 189
48 168
147 174
195 176
74 113
175 82
74 93
200 125
8 172
14 105
177 52
179 188
102 60
87 180
172 199
150 98
6 100
160 70
100 63
102 165
169 101
26 154
90 174
60 1
182 64
114 57
38 131
71 56
155 151
44 137
105 139
158 185
161 92
104 170
115 156
61 161
133 134
112 121
37 131
107 113
192 15
13 57
118 12
92 174
21 138
1 145
87 181
77 175
95 72
63 12
55 195
162 25
121 22
15 64
85 131
100 11
28 160
30 126
11 87
31 194
131 179
66 62
18 171
157 17
141 76
183 39
25 114
143 65
66 191
188 13
126 14
153 103
64 76
169 100
178 22
178 200
179 163
42 35
16 49
119 90
120 75
111 83
159 137
81 157
62 168
91 105
198 196
183 154
157 108
20 111
147 59
37 143
49 120
46 199
93 179
49 142
19 144
192 135
121 128
175 96
181 58
138 88
118 170
168 109
58 161
63 87
134 6
75 42
163 73
19 120
99 13
144 79
186 166
164 99
110 62
100 118
8 73
74 53
64 72
30 7
171 164
79 161
129 179
193 45
53 81
128 22
98 56
169 164
107 91
1 91
99 64
39 83
121 52
142 63
137 91
93 97
87 190
83 55
149 57
135 8
176 108
79 187
111 28
133 164
123 13
167 85
25 137
77 75
17 136
158 109
126 72
30 4
18 63
118 8
188 187
199 58
187 63
102 69
89 30
93 19
87 28
16 100
69 173
31 182
11 39
129 57
34 119
35 9
73 177
62 139
151 31
36 144
30 175
163 121
176 51
125 114
33 109
59 61
93 193
188 85
199 77
55 10
113 161
47 98
5 11
165 10
10 102
4 153
190 145
185 151
100 69
115 65
100 61
178 21
28 10
131 87
98 78
17 183
2 97
10 67
15 98
79 42
62 142
123 24
86 177
83 196
14 153
103 109
32 132
76 125
189 9
78 93
57 29
133 27
154 79
27 23
180 174
16 70
146 78
90 148
69 161
99 24
59 146
4 100
92 182
156 24
19 143
168 128
178 176
191 155
67 19
114 158
136 6
116 35
29 19
119 85
173 157
193 67
31 52
3 60
129 45
47 33
71 105
94 7
94 187
81 129
145 126
94 64
100 12
5 81
97 15
197 33
6 27
35 68
28 93
168 17
57 143
89 56
72 172
141 16
103 148
27 11
185 187
190 114
27 107
70 30
82 96
48 151
114 102
134 198
173 151
72 84
147 143
102 63
133 6
138 103
6 92
99 177
5 43
76 138
90 132
73 185
1 55
19 104
186 192
131 69
142 140
82 47
15 195
97 87
155 111
27 115
112 62
137 140
181 101
44 186
46 154
62 35
166 61
47 75
50 133
89 124
23 45
142 154
85 174
38 165
184 36
22 108
139 91
164 170
23 5
79 61
16 90
168 24
186 7
119 167
67 187
117 21
165 59
76 67
115 72
142 96
117 10
82 199
98 109
18 163
3 48
23 68
170 149
137 112
92 24
18 112
30 163
50 116
36 156
155 154
69 63
83 75
184 80
189 41
52 150
106 10
188 162
27 139
176 89
2 100
179 135
15 185
160 164
16 97
14 127
80 100
37 169
158 78
199 127
29 25
130 54
77 91
79 155
86 75
30 128
124 187
132 11
159 168
168 38
70 44
153 3
4 134
113 128
112 170
138 173
120 70
17 149
34 69
118 134
78 37
157 135
131 74
9 36
180 191
107 178
192 142
140 110
192 115
50 106
122 63
37 22
66 148
99 84
79 26
88 135
133 193
34 84
143 107
187 174
116 132
84 85
127 159
77 191
147 146
93 33
152 187
196 62
80 46
71 193
117 73
121 20
25 188
122 105
90 173
42 196
138 84
16 61
93 40
56 144
42 187
128 110
59 39
36 15
121 136
130 52
45 76
109 111
102 106
137 195
128 27
188 172
121 180
126 83
142 198
44 173
3 186
28 3
37 94
170 6
16 7
93 148
56 116
82 84
70 6
4 44
172 180
178 40
132 136
152 72
171 65
15 136
189 78
183 29
193 151
80 37
133 48
12 87
96 161
29 20
107 158
181 47
47 159
175 101
97 191
30 2
123 37
91 10
119 168
85 136
71 160
167 5
14 100
181 186
171 59
120 34
158 69
78 122
56 70
107 194
193 122
156 44
7 108
1 130
60 125
8 177
53 71
161 118
66 137
72 83
181 149
3 9
126 186
96 57
34 76
40 7
90 185
94 80
140 58
122 21
129 5
152 57
67 88
94 11
51 123
162 111
27 176
60 42
155 96
128 57
131 112
150 123
142 152
129 56
174 20
47 155
65 78
167 199
87 3
122 127
58 91
194 172
39 96
60 153
123 86
161 102
90 144
112 63
110 155
105 142
115 129
14 179
125 186
87 10
200 126
34 19
171 198
186 156
13 108
119 31
5 69
123 134
39 46
101 19
52 159
25 108
90 80
194 171
83 17
146 196
126 161
70 104
11 180
145 32
73 197
142 91
135 93
43 142
179 118
20 146
30 150
185 145
5 185
45 78
173 133
16 174
48 16
161 182
56 95
104 142
183 137
160 95
84 105
43 184
52 175
168 140
75 95
78 196
19 100
194 56
64 103
39 149
78 138
9 72
54 146
176 57
116 71
63 58
72 185
62 55
164 173
120 183
100 35
27 88
6 34
181 91
158 29
168 193
48 33
113 8
34 77
41 140
56 43
3 53
107 68
189 35
129 65
62 140
80 44
156 121
98 186
62 199
105 90
173 148
43 92
131 101
185 176
107 150
133 154
178 79
106 173
200 128
1 134
3 97
197 4
77 70
118 162
172 28
137 115
151 59
174 43
131 182
50 5
93 4
140 94
100 29
126 103
125 170
15 125
130 113
110 66
4 67
34 79
183 133
56 54
146 118
24 8
192 41
65 55
17 181
186 140
72 129
65 164
96 59
165 132
178 53
120 76
98 45
128 19
68 120
136 185
199 112
71 121
38 67
176 109
47 175
96 122
90 59
184 8
90 193
31 168
32 68
178 33
17 190
51 95
23 154
169 13
37 23
157 89
91 197
10 127
194 98
39 167
67 149
100 122
104 156
105 160
107 130
198 40
150 170
66 194
153 71
192 182
147 11
78 123
186 173
131 23
128 97
21 162
1 112
81 112
31 72
68 12
96 12
120 109
39 6
136 18
84 125
200 43
70 131
120 27
7 82
142 86
27 91
77 51
195 118
121 196
45 68
139 98
108 115
134 18
150 21
129 151
158 80
41 22
181 95
109 31
96 37
129 153
8 5
185 48
14 119
194 54
105 119
34 154
81 67
79 72
175 48
145 182
196 32
57 189
23 118
199 165
68 28
183 65
15 133
182 1
7 19
60 167
106 171
41 86
107 51
152 28
81 83
55 109
88 80
37 170
160 171
29 103
191 102
7 17
185 97
177 23
99 89
170 98
159 55
67 73
14 70
65 32
110 130
79 190
52 24
11 112
56 110
130 134
188 28
42 109
132 91
192 34
199 187
51 165
39 174
77 28
5 131
104 189
114 127
123 199
128 179
148 7
141 28
191 174
46 62
50 23
119 122
66 136
145 156
109 150
10 177
44 99
71 135
128 98
99 140
74 83
138 47
15 135
109 30
193 47
33 26
81 121
27 93
32 191
73 172
3 168
24 28
93 49
27 47
34 130
72 155
139 142
93 59
195 117
147 163
86 109
138 139
43 38
111 39
43 14
124 193
161 38
193 114
138 136
15 70
70 48
114 134
63 172
135 115
98 142
122 155
74 102
2 66
117 2
97 150
140 100
129 47
52 17
24 194
47 189
30 110
123 72
198 193
170 9
97 28
189 177
161 168
4 25
199 100
49 29
103 127
127 160
158 1
181 2
126 33
181 78
160 134
172 156
146 3
14 45
45 132
182 167
171 21
64 53
170 177
113 194
51 156
145 73
164 96
184 57
188 105
178 194
99 23
99 62
38 162
105 59
159 44
95 88
114 155
51 196
95 116
180 199
51 85
185 59
12 145
175 66
46 16
32 78
62 42
199 39
145 90
8 35
29 8
46 153
191 121
200 182
82 122
190 196
163 74
96 123
108 24
183 143
66 47
24 133
22 136
96 149
4 52
111 59
68 150
171 22
140 87
119 2
102 142
34 31
196 125
200 160
196 176
151 106
73 133
128 40
165 34
141 18
115 75
132 125
67 182
74 174
31 16
79 164
152 81
93 7
45 110
113 80
69 21
45 7
133 57
199 28
178 82
73 90
179 147
53 48
187 87
110 184
66 150
187 116
50 134
117 129
79 194
64 97
60 112
63 22
185 196
62 25
86 140
17 116
15 200
113 11
81 178
181 72
58 186
131 138
107 146
189 134
149 58
169 192
29 102
162 196
144 26
13 66
14 22
86 76
141 10
5 18
91 51
102 35
46 42
138 53
88 90
157 182
95 112
36 168
161 176
129 157
165 160
151 147
61 32
20 120
24 187
79 49
191 176
38 191
93 114
90 113
181 195
142 23
6 179
113 66
168 115
20 32
122 183
19 5
173 122
25 144
38 181
109 194
134 91
137 94
138 189
143 61
14 195
149 126
176 84
147 34
141 200
56 147
168 155
140 19
190 2
137 60
40 24
109 52
188 150
184 62
176 24
58 62
82 81
150 198
122 30
94 58
109 182
87 111
4 70
10 110
94 54
168 166
151 176
14 21
30 87
175 17
197 103
49 32
77 39
89 24
73 126
92 184
157 32
109 143
119 190
47 89
190 140
163 141
56 160
163 156
35 190
140 116
100 164
68 9
78 195
79 140
31 155
64 132
38 87
101 17
165 134
132 167
69 55
17 114
6 38
171 55
25 85
30 168
188 107
59 152
140 89
107 37
46 82
151 104
152 161
155 93
24 16
101 71
195 150
95 44
84 156
6 142
147 192
8 87
64 114
53 91
176 164
198 190
31 146
160 181
176 171
175 20
198 101
144 71
153 54
111 125
132 189
199 156
23 46
55 157
190 100
77 157
169 137
178 32
146 49
67 25
40 87
70 141
130 45
152 44
33 28
57 140
168 153
123 90
170 191
51 130
39 113
34 71
89 127
132 133
56 151
47 190
47 12
44 92
108 92
39 198
74 185
94 177
13 41
100 60
181 192
188 31
148 16
179 109
34 64
166 182
119 133
7 138
48 18
66 15
62 45
166 145
48 90
104 80
147 108
167 62
165 161
152 121
14 178
174 195
4 66
177 114
173 190
175 76
177 36
33 188
15 37
177 22
9 88
14 163
26 145
80 139
108 136
40 91
115 25
71 32
85 10
3 124
68 20
93 142
32 149
81 153
22 170
160 63
154 15
119 115
44 81
1 169
4 65
137 133
165 69
42 110
3 118
32 137
40 176
48 42
9 101
143 113
176 117
166 183
117 120
38 169
132 197
97 105
128 191
4 136
173 21
101 66
133 123
186 99
194 190
16 140
162 109
164 77
192 27
53 150
91 163
86 94
99 103
53 75
86 145
38 127
138 176
173 149
196 142
146 177
26 176
67 57
136 109
120 121
11 145
172 106
127 74
97 176
178 196
96 27
12 77
106 128
103 196
62 103
26 149
52 66
72 18
44 7
21 163
68 73
14 112
61 95
193 128
10 17
61 183
92 135
113 138
21 167
128 43
63 183
23 133
2 73
24 140
88 82
146 19
92 17
30 148
15 42
5 97
73 60
135 134
7 135
165 24
35 178
46 119
5 195
92 14
24 139
176 59
74 153
163 173
18 179
184 38
190 68
156 55
124 87
20 28
82 152
25 81
185 16
78 70
26 189
129 111
138 66
98 57
180 80
94 200
88 51
185 165
182 135
59 27
7 70
86 38
123 35
71 152
104 21
62 192
111 92
138 198
89 46
116 26
20 93
157 18
46 5
112 187
104 136
174 121
61 194
146 61
123 64
181 25
151 138
145 110
33 50
151 160
6 7
114 48
78 102
156 168
105 157
109 34
136 167
106 156
98 30
63 147
40 82
199 130
64 143
25 14
124 118
82 24
164 190
113 124
195 66
158 113
79 73
171 196
96 88
70 45
143 176
94 41
180 167
197 129
161 132
183 78
63 141
12 179
107 32
162 29
8 192
135 107
48 156
112 142
4 28
23 191
97 14
185 105
121 64
174 112
147 119
49 42
1 195
31 66
11 155
146 114
46 7
61 88
15 35
189 16
164 52
65 177
161 138
25 149
110 69
72 116
140 27
191 13
127 66
34 40
49 8
197 136
81 56
139 124
14 130
188 99
192 45
101 10
19 142
133 197
155 9
129 35
6 141
98 184
36 13
42 84
34 134
16 38
199 79
185 89
57 23
194 187
90 87
82 66
115 154
141 162
49 149
13 112
56 178
130 98
19 8
1 159
68 47
134 142
126 180
26 41
176 123
116 14
4 124
49 98
2 61
28 73
28 194
67 9
6 129
50 155
78 119
5 119
159 89
102 112
136 159
5 188
56 20
96 56
122 11
145 186
173 110
133 153
159 70
144 15
140 67
82 36
121 132
19 109
106 73
29 63
145 38
80 147
66 76
37 85
144 187
158 149
199 181
153 179
95 153
3 132
179 33
19 41
160 111
117 160
137 186
190 96
10 175
193 112
109 181
192 139
106 89
145 131
31 106
172 71
99 145
62 29
148 5
101 21
193 136
54 104
166 110
190 186
193 2
88 103
18 49
40 153
113 200
142 13
31 127
93 150
83 31
147 76
97 111
18 152
103 33
8 120
77 78
116 170
18 97
75 146
124 120
151 58
158 28
168 69
37 179
68 72
2 166
157 191
113 125
86 25
25 160
200 186
119 38
139 121
30 101
128 136
21 198
105 164
12 89
145 155
32 173
155 167
66 152
74 149
24 42
27 4
191 165
190 36
6 79
103 96
13 136
152 134
137 107
101 171
61 29
159 108
77 150
47 73
178 169
69 176
189 170
190 116
21 40
20 73
99 157
93 103
196 99
157 22
134 8
27 7
199 102
122 86
41 66
170 90
135 43
9 63
37 199
106 58
58 124
147 29
153 36
105 187
98 146
75 48
192 2
8 55
7 23
167 137
168 187
164 174
183 69
96 13
157 200
80 119
150 193
18 121
70 92
150 173
36 106
146 7
191 132
82 102
183 71
112 31
170 49
77 88
175 193
23 65
120 128
81 109
79 188
48 194
122 87
80 166
177 193
22 19
138 125
49 104
148 179
80 31
142 143
81 191
42 106
196 70
157 72
149 146
188 171
27 10
46 141
155 71
126 118
187 65
83 181
169 57
63 73
193 36
164 71
90 27
165 194
99 35
174 37
16 3
192 31
194 90
92 132
90 176
141 111
72 51
41 71
87 192
125 14
23 121
73 178
10 45
77 66
104 95
168 118
27 189
16 69
86 198
200 46
74 122
12 85
93 22
148 190
1 150
32 11
88 105
145 6
46 10
47 85
35 191
70 5
25 49
89 84
60 14
45 167
18 143
9 1
152 123
90 154
114 91
116 52
178 137
125 93
117 165
77 143
180 157
32 123
110 180
57 30
173 46
48 198
41 96
101 67
89 80
146 34
158 47
44 55
174 101
186 113
176 67
17 143
101 89
130 182
167 61
36 125
120 197
141 72
78 85
120 164
58 34
79 103
126 74
8 188
47 2
67 26
140 152
29 28
198 192
41 142
121 173
15 104
96 113
67 86
113 67
53 104
79 85
95 36
181 116
181 131
185 19
104 2
156 125
34 132
159 151
169 67
95 64
75 22
90 114
46 115
25 77
92 63
29 36
177 84
31 144
67 190
164 111
62 141
166 26
114 129
176 53
64 105
173 103
51 17
63 180
97 83
55 139
126 40
172 154
30 118
99 57
33 198
164 4
164 102
47 62
7 140
120 85
64 7
73 196
6 108
7 5
184 17
176 197
167 145
17 111
27 108
62 11
151 174
192 47
80 17
10 163
106 67
137 148
45 12
10 152
95 200
134 110
36 18
105 121
124 60
98 67
99 161
81 50
154 148
15 105
3 194
82 5
94 65
28 145
22 20
184 196
197 21
157 43
192 180
92 81
154 140
192 14
69 130
22 154
81 85
75 144
57 97
165 84
160 64
37 82
74 84
179 98
154 193
131 115
75 19
28 171
79 182
33 43
179 19
153 28
90 125
60 155
200 33
163 38
143 73
122 7
119 21
7 126
132 36
178 59
117 180
20 147
147 123
24 116
49 148
12 136
194 1
76 124
141 97
32 28
85 123
166 109
184 13
13 81
3 149
38 46
137 190
74 125
140 88
66 19
4 114
11 192
73 102
89 8
150 134
198 120
181 28
21 23
4 149
197 111
188 157
109 175
25 173
156 127
200 175
80 10
166 107
174 188
180 35
85 64
43 10
126 8
76 111
139 190
95 129
182 6
113 171
191 131
143 94
38 106
150 132
36 142
66 3
103 80
178 127
95 82
121 68
32 172
132 109
60 161
15 181
51 53
46 103
8 30
186 169
51 153
195 106
70 138
133 86
174 69
109 48
41 69
148 91
35 86
124 191
108 142
200 120
1 85
70 144
107 53
171 6
49 117
156 10
37 148
122 48
150 118
132 70
132 142
93 147
84 5
14 23
31 176
31 122
26 10
40 6
140 63
143 140
180 99
67 22
14 47
166 34
79 107
68 135
46 175
32 48
90 150
91 63
192 75
74 158
163 99
160 187
30 117
85 52
12 163
29 21
168 180
162 22
163 132
140 131
67 99
83 130
23 6
167 64
25 134
15 17
146 18
27 65
60 182
185 63
114 106
77 11
54 60
5 61
190 20
132 131
73 109
73 118
175 84
4 162
131 195
24 183
124 91
173 14
189 56
30 74
26 111
127 26
147 52
38 143
169 122
194 46
36 53
159 105
13 6
132 118
155 45
56 120
196 179
117 115
63 136
144 147
172 26
184 49
40 136
66 86
63 109
4 155
36 187
181 171
180 18
41 46
138 33
99 159
152 127
47 118
3 181
70 19
132 122
113 195
132 195
90 158
115 140
139 38
143 40
161 75
70 93
45 197
161 41
116 25
36 74
185 130
20 90
40 140
112 49
58 89
34 3
115 63
50 166
155 108
11 172
35 38
36 19
19 37
130 190
106 181
33 151
55 19
170 119
197 30
61 8
56 156
94 8
148 12
96 178
87 2
14 144
94 123
161 97
56 62
82 124
13 129
27 135
73 149
143 133
115 98
105 136
63 111
24 31
26 4
172 187
81 9
9 37
110 131
101 36
61 42
35 149
57 76
51 126
80 172
130 67
78 105
129 154
190 122
136 131
105 8
73 29
174 97
53 60
57 8
195 7
165 105
130 171
103 112
122 109
148 65
30 102
138 10
61 84
45 17
200 158
73 46
158 176
75 78
63 131
152 149
132 138
187 8
164 118
34 133
39 151
71 197
36 105
54 80
187 153
84 15
146 8
114 145
114 99
153 126
185 178
13 160
137 19
70 97
57 191
121 114
115 54
133 192
143 132
74 42
17 47
153 90
53 65
198 148
4 55
24 98
66 63
30 58
43 17
44 33
190 72
3 64
64 14
4 17
176 41
78 91
181 111
143 91
76 1
169 15
17 95
122 70
154 39
155 88
14 2
198 115
30 55
133 11
31 162
174 26
48 163
31 92
44 163
76 72
29 96
55 173
85 41
26 20
103 66
92 148
33 95
182 78
36 34
96 163
73 138
43 124
13 115
156 195
183 110
194 144
97 198
14 183
167 147
159 25
192 93
43 8
150 187
59 10
191 125
150 59
125 35
124 152
77 76
78 199
92 19
103 1
92 119
4 23
98 25
100 157
158 192
180 84
110 197
93 44
26 130
120 173
7 184
126 113
36 163
32 180
184 190
92 57
3 190
73 59
62 95
16 112
134 147
31 26
141 11
151 66
7 83
119 43
29 82
168 200
59 6
69 153
128 12
43 20
35 37
168 65
71 89
163 177
104 194
191 42
138 143
33 56
92 39
182 94
197 156
74 50
190 22
125 94
92 194
137 138
177 198
175 79
138 25
9 109
165 19
71 93
170 5
52 34
4 40
135 12
136 11
190 8
86 68
82 101
169 188
120 138
83 120
61 83
101 38
93 108
104 140
149 79
7 81
161 17
141 113
66 16
59 14
78 136
26 195
96 102
169 136
151 9
178 9
164 74
61 145
21 92
138 129
143 100
132 111
106 103
75 123
73 115
183 118
178 182
146 74
59 131
15 44
183 13
40 25
86 166
64 54
59 23
34 155
25 20
127 96
149 59
85 90
170 136
116 159
33 88
84 41
149 61
129 16
62 101
183 167
110 169
136 162
93 18
11 31
35 53
130 189
24 167
98 16
176 9
46 56
72 67
88 126
166 135
74 90
7 196
54 8
48 137
154 58
94 34
131 21
164 60
188 23
145 108
183 84
101 189
116 80
62 3
97 89
17 147
53 33
81 154
160 188
71 23
146 106
188 84
183 179
142 103
64 112
101 192
17 185
161 186
10 193
23 192
106 88
33 115
82 139
163 27
85 187
89 152
180 9
62 67
138 15
66 109
59 156
33 117
21 87
6 150
38 36
147 155
104 1
143 195
92 40
161 171
197 27
156 190
171 121
120 50
43 2
143 155
184 103
148 118
21 139
80 137
123 118
133 145
78 151
156 25
41 88
44 89
65 50
76 177
12 67
180 13
55 3
5 154
175 130
20 102
57 64
74 40
65 26
58 92
92 25
14 167
174 133
22 43
111 11
139 45
77 177
112 117
12 75
118 63
88 147
27 172
40 119
95 93
68 160
98 63
85 23
148 191
168 98
104 141
91 9
7 56
149 148
183 194
176 139
79 35
102 91
184 169
27 5
74 118
68 149
7 101
51 102
196 145
170 110
140 48
122 89
71 9
29 172
175 55
24 161
109 58
178 92
20 48
48 179
147 15
142 144
66 168
8 1
89 144
181 9
73 77
127 124
30 18
59 45
100 71
110 199
70 199
138 40
132 21
8 64
128 124
5 121
170 56
102 193
130 106
47 110
189 183
25 54
40 15
150 54
176 8
61 189
28 67
70 183
12 107
79 21
62 100
159 112
165 149
116 48
115 42
46 52
58 148
16 81
78 179
129 182
185 94
103 24
175 161
150 87
60 130
54 162
111 115
175 168
10 14
180 170
24 95
168 25
137 6
191 12
157 169
79 196
124 94
10 71
4 159
64 87
182 28
3 187
61 35
176 173
133 149
118 49
59 162
184 187
93 76
117 192
116 119
12 69
186 35
11 12
159 26
119 74
8 20
98 42
17 68
188 94
164 191
137 105
186 27
110 182
135 14
171 85
172 110
20 176
3 7
27 124
44 151
18 15
191 33
42 86
50 37
129 64
168 103
107 5
116 143
110 14
129 148
143 46
17 133
158 188
27 66
117 19
88 113
135 81
37 124
96 157
119 186
145 152
103 145
32 109
145 43
106 72
199 155
39 161
68 132
132 86
18 160
176 14
59 1
124 106
138 178
112 106
37 122
84 28
26 183
175 144
100 129
136 154
198 195
22 54
108 188
80 146
108 174
150 105
119 197
182 141
17 22
189 5
65 198
71 113
13 53
98 79
76 145
59 127
171 53
1 164
33 42
12 161
3 188
136 151
131 109
114 105
198 93
93 180
167 25
88 31
28 80
146 100
22 119
155 107
92 109
4 168
182 172
59 190
126 43
141 44
177 162
130 80
41 169
15 74
199 74
105 102
143 55
89 34
133 65
127 120
72 104
99 42
65 39
64 185
98 172
119 180
174 66
108 162
54 172
122 27
121 74
196 59
70 81
74 116
80 79
69 182
47 63
143 23
191 152
75 15
187 121
180 124
96 192
194 161
97 138
104 153
25 39
167 123
55 114
117 190
103 60
127 12
91 48
64 181
184 33
148 56
12 18
8 171
118 55
90 53
188 170
136 153
36 21
12 125
87 4
7 156
48 131
5 139
110 111
146 95
66 10
154 25
93 169
66 51
164 116
146 73
182 48
51 129
35 67
194 43
26 28
42 82
13 119
83 139
71 131
90 19
131 81
38 80
191 140
2 3
139 110
1 102
102 41
188 135
37 79
130 87
149 91
103 45
181 102
65 116
110 174
122 125
67 136
26 114
180 107
40 116
117 48
99 171
30 161
16 94
142 85
127 106
142 181
184 166
127 58
80 35
119 193
121 76
25 63
173 119
83 13
34 105
4 34
71 137
111 96
108 134
84 39
38 176
152 90
69 187
187 115
31 62
164 187
83 82
182 164
45 34
134 69
180 195
60 150
183 134
17 62
95 10
172 128
122 68
98 124
161 93
193 28
51 14
56 164
14 189
93 73
181 141
70 32
78 21
153 52
72 149
97 110
34 159
116 59
155 182
151 82
197 8
7 63
189 43
142 54
132 198
93 48
200 197
181 132
185 98
122 148
13 23
119 181
104 62
135 121
26 18
132 57
3 140
26 77
187 134
199 9
187 60
35 97
143 76
137 45
192 177
133 66
161 46
166 17
76 108
175 181
133 54
143 166
172 160
71 149
78 74
33 173
141 129
107 103
162 26
86 141
14 71
193 37
132 39
40 127
90 121
95 35
167 12
97 44
105 76
53 62
53 49
173 155
112 177
177 35
155 169
97 11
78 39
132 120
5 87
177 150
136 184
30 31
94 155
117 111
126 58
197 154
121 14
77 45
2 170
86 73
73 21
65 136
2 183
119 165
21 32
81 120
137 12
116 177
167 27
192 44
65 51
185 38
42 147
115 185
45 151
179 144
144 3
65 134
40 121
174 123
35 33
175 80
57 89
188 59
38 180
35 113
168 49
188 154
48 111
1 180
188 80
119 152
173 2
179 73
89 1
3 143
161 196
179 46
146 14
4 160
183 145
100 116
12 93
96 48
185 55
171 42
28 55
49 69
66 83
189 198
175 113
129 150
152 8
90 69
74 180
134 68
134 168
176 82
41 129
28 46
27 105
17 122
5 133
30 192
157 184
52 161
191 90
119 73
72 98
103 89
75 105
44 23
62 180
20 131
103 185
79 156
184 171
121 125
25 190
22 44
67 104
103 12
62 15
3 1
71 106
18 175
58 12
126 185
129 63
51 24
15 158
186 151
87 191
31 170
17 85
35 160
14 142
60 75
85 125
69 106
97 140
59 122
160 84
34 178
43 23
111 21
198 79
159 158
86 74
97 139
133 170
131 187
173 162
95 149
39 29
26 48
17 53
73 123
88 120
86 92
109 17
23 125
25 12
196 30
108 15
88 164
100 70
177 200
127 197
71 139
190 153
37 150
23 176
75 163
29 130
5 13
7 123
154 134
152 195
144 193
34 126
10 149
155 150
21 80
173 64
147 60
47 76
169 183
131 102
142 173
147 145
89 52
118 11
49 77
178 186
175 177
86 30
107 9
173 76
68 38
84 123
116 163
197 198
62 20
99 4
63 156
8 148
166 33
23 3
174 176
68 187
25 57
142 29
58 27
40 115
173 156
174 177
174 62
1 114
162 91
103 55
9 192
193 162
61 73
148 72
198 2
163 152
180 94
79 172
149 51
182 159
73 49
49 33
9 108
91 184
132 129
165 82
25 170
87 175
79 23
80 13
80 27
161 159
168 172
184 29
152 78
28 143
56 127
112 116
168 196
154 60
36 185
198 100
63 62
154 153
142 190
197 185
91 173
200 174
114 75
169 177
28 60
71 199
89 74
26 22
59 174
3 137
92 94
74 18
23 186
67 48
17 67
148 42
140 166
30 139
18 119
169 172
38 117
21 184
17 99
72 198
22 130
167 110
62 176
44 68
42 9
158 87
74 70
52 82
103 5
172 92
183 127
164 139
181 152
82 187
167 43
113 163
1 40
56 73
81 73
131 99
81 176
197 189
115 45
58 113
22 7
95 151
167 125
36 7
111 52
153 10
83 137
65 40
5 198
164 50
76 32
39 57
35 10
79 146
81 182
34 123
76 127
4 176
181 62
113 32
160 97
48 79
148 13
87 193
54 181
200 88
71 174
153 21
18 162
66 9
71 156
140 32
1 4
51 55
101 70
163 158
139 112
29 46
169 138
139 86
94 93
130 193
32 133
177 111
180 164
18 178
71 91
120 137
192 69
198 13
104 64
47 32
107 67
167 90
74 114
41 195
147 26
17 94
183 80
22 126
174 140
165 23
50 183
83 41
32 185
55 45
72 24
127 61
46 101
110 150
32 184
168 188
25 76
118 140
43 73
166 81
136 139
42 47
170 28
90 168
85 61
125 78
13 73
168 64
15 31
143 69
42 194
193 60
168 10
30 165
29 59
60 177
46 69
54 38
73 17
150 119
51 89
130 49
16 99
112 6
143 153
67 137
1 77
151 154
46 124
122 177
153 149
112 37
76 132
92 138
183 31
154 74
199 151
50 194
172 46
43 181
60 117
90 33
133 127
55 176
52 14
127 11
47 37
31 138
17 158
43 49
147 38
126 165
106 63
87 113
110 160
78 58
107 140
133 98
136 137
183 8
82 133
162 52
76 14
45 97
12 156
98 190
95 184
51 42
188 68
123 106
192 150
166 32
8 139
74 198
82 192
165 74
107 115
164 179
162 130
103 170
62 65
154 135
79 174
153 94
165 92
160 17
98 41
98 31
33 37
150 49
171 120
71 45
75 140
142 169
161 190
24 196
91 122
8 128
185 20
112 69
166 13
116 165
44 161
175 106
136 110
135 24
49 200
147 182
98 4
23 40
162 94
114 140
30 132
75 36
4 185
76 58
152 73
159 76
51 43
42 176
88 56
162 16
60 13
135 66
49 129
141 43
34 62
2 149
197 84
92 197
138 111
172 77
13 114
164 124
70 115
74 160
64 98
41 197
18 24
134 158
15 170
20 79
168 101
109 130
195 185
56 53
100 145
65 196
135 187
151 132
6 32
59 38
147 111
70 13
117 166
68 165
156 139
127 79
1 123
19 135
86 138
138 98
45 9
175 151
137 127
188 87
198 41
33 104
160 120
13 155
145 143
152 69
156 27
142 119
158 97
29 181
118 145
105 153
59 98
113 170
118 189
45 19
60 2
84 8
200 23
105 178
23 69
22 129
200 26
183 88
179 117
120 156
109 200
143 119
45 152
112 144
9 123
169 141
169 150
35 138
20 3
21 194
170 14
104 160
131 176
35 34
68 119
119 94
48 158
135 149
5 151
29 97
7 33
192 132
103 117
141 152
31 164
182 38
83 194
155 18
76 119
58 98
53 108
10 125
197 2
44 71
99 136
102 72
190 144
170 45
76 174
193 64
90 6
17 32
198 112
36 24
110 73
9 114
25 41
28 149
138 75
196 156
162 180
136 7
102 113
130 188
44 84
90 200
2 68
74 16
24 129
136 126
148 76
172 59
124 154
42 19
179 186
164 123
3 80
75 96
188 159
52 144
6 63
172 75
159 46
48 154
43 129
101 1
39 164
36 115
45 83
86 97
191 22
152 154
136 48
111 4
163 175
111 56
37 141
169 54
48 125
90 45
130 152
83 159
200 100
25 200
93 13
134 145
45 99
82 61
115 101
43 185
141 103
61 198
108 52
100 8
60 93
131 7
165 178
13 151
67 179
184 192
43 163
133 70
30 131
23 127
66 80
72 78
172 89
72 122
145 113
49 136
28 2
61 52
151 46
95 47
31 169
67 144
7 54
25 164
9 39
15 139
190 192
53 189
9 119
43 85
44 78
3 77
33 96
83 115
185 93
101 127
122 2
73 40
52 5
76 8
142 128
174 48
60 32
151 62
126 177
183 168
80 129
123 148
135 136
96 1
167 52
5 162
43 89
153 15
94 122
26 124
86 154
144 155
58 145
84 168
169 50
114 19
94 190
144 170
124 9
195 200
28 123
60 52
3 33
140 200
41 42
40 83
76 60
196 172
104 131
180 152
30 69
143 150
90 110
11 99
70 175
121 78
9 140
151 73
164 175
183 180
4 133
141 24
5 15
193 169
136 191
105 50
29 194
83 133
165 8
199 54
35 166
144 137
135 37
49 143
85 161
148 63
18 140
42 143
3 192
167 78
152 43
36 135
81 125
175 97
61 138
99 53
27 126
129 70
75 173
2 165
64 17
7 13
100 192
163 105
133 138
8 125
183 52
33 134
99 183
39 112
145 72
138 95
150 47
112 56
132 182
20 11
54 84
158 173
40 107
200 73
115 10
53 143
177 12
164 137
79 106
187 118
60 11
191 122
160 136
119 125
33 13
85 89
82 103
34 114
91 20
198 90
71 185
149 93
169 148
188 146
198 166
160 23
12 7
28 121
92 87
135 9
25 129
32 174
88 74
47 180
10 51
106 165
179 56
89 93
113 147
57 28
95 18
60 200
89 39
170 101
19 148
156 68
18 3
54 28
26 103
183 62
51 54
92 125
148 147
85 158
76 153
94 115
140 78
16 59
19 43
161 153
157 118
22 104
110 147
99 153
181 63
52 36
70 40
131 88
12 169
140 176
85 13
82 79
44 132
200 159
92 146
65 195
132 172
62 24
6 156
159 59
147 36
23 148
103 189
165 162
21 2
6 162
109 90
150 46
78 40
174 81
129 12
5 128
55 163
130 120
114 199
64 108
11 50
79 67
69 44
52 199
196 155
195 84
20 188
123 165
168 21
4 145
90 131
59 126
85 182
121 124
53 125
134 199
143 1
48 177
113 99
45 121
41 68
96 90
168 194
68 30
63 2
117 200
126 190
2 94
48 123
141 80
118 80
95 189
191 67
54 55
118 119
190 167
11 29
15 103
6 169
95 183
19 89
52 22
163 136
102 94
61 155
90 84
150 131
143 41
121 149
31 67
116 103
88 99
51 98
197 62
119 174
94 12
179 72
54 145
34 88
107 110
182 120
16 145
187 176
169 10
28 71
163 6
134 196
198 49
58 72
61 51
113 84
139 197
32 59
147 78
4 22
153 181
113 165
154 113
60 107
197 65
82 127
141 12
140 1
88 26
197 158
98 160
87 72
71 150
169 16
49 94
163 187
25 24
73 66
22 200
113 40
43 93
87 110
186 84
99 12
196 12
119 184
61 107
136 98
150 137
65 35
26 134
191 31
60 6
157 185
86 49
198 46
74 176
118 70
142 116
8 96
53 12
158 38
96 197
125 79
33 174
28 109
74 4
69 124
109 173
66 23
194 159
115 126
136 173
141 55
4 42
78 33
55 26
112 12
34 11
134 36
176 25
96 78
51 28
186 108
195 90
35 72
163 5
182 15
163 145
28 5
129 53
182 125
48 199
4 135
109 170
5 126
142 20
133 188
132 93
47 86
150 10
24 94
66 145
7 110
123 23
120 4
52 113
97 120
120 180
138 171
168 184
20 16
29 80
106 66
105 152
108 32
150 162
101 141
56 196
21 174
66 153
129 113
19 24
34 168
197 192
58 170
199 124
6 89
92 168
67 83
119 153
130 62
85 67
61 19
173 161
121 24
157 112
47 53
21 164
123 6
35 199
12 48
67 43
139 183
128 1
150 112
126 191
109 50
121 158
149 94
112 5
57 183
103 78
63 55
195 72
82 54
147 102
167 127
24 178
45 69
109 14
126 24
10 98
182 8
145 112
99 154
95 102
160 78
124 114
78 145
109 169
190 118
98 97
3 5
137 132
126 80
196 130
8 199
186 157
47 182
125 88
45 25
185 40
72 22
121 166
168 67
83 52
140 126
192 48
26 188
153 39
117 47
135 111
78 99
117 187
4 105
134 21
154 190
24 88
101 96
140 14
55 82
22 10
144 115
50 199
155 51
170 195
26 98
135 87
105 7
128 87
144 169
34 194
141 92
65 161
48 170
45 180
105 47
52 68
93 128
118 185
141 5
17 163
50 100
25 71
6 8
58 13
30 1
6 130
16 80
76 192
92 3
96 194
111 58
170 87
27 70
72 188
69 20
143 193
94 14
168 122
179 16
30 130
9 44
118 160
64 126
1 63
128 112
42 197
145 149
5 125
169 189
94 44
81 57
192 120
22 179
20 119
48 52
197 177
154 117
25 136
3 141
29 132
147 128
140 36
179 8
139 93
146 35
74 3
1 53
92 106
16 4
4 140
168 12
75 55
125 50
198 51
142 2
121 21
3 195
194 23
130 12
128 3
133 181
46 20
27 21
33 185
151 143
52 37
89 136
198 25
19 197
174 53
121 154
120 176
184 116
80 199
5 9
29 9
30 41
179 122
108 97
180 3
196 124
118 99
122 156
162 78
91 57
38 53
72 33
51 64
197 1
3 193
48 29
138 126
190 49
169 43
52 57
60 63
103 165
186 5
9 57
120 157
199 10
90 92
29 4
176 5
186 194
138 1
112 54
53 195
171 80
153 23
42 67
174 199
182 101
67 80
101 68
145 169
58 71
123 66
18 166
108 178
46 117
60 37
10 82
169 175
37 44
197 46
29 127
145 189
194 51
89 82
146 5
200 153
53 149
174 135
44 140
179 190
35 144
104 168
106 76
144 30
187 111
139 102
56 25
187 173
45 175
43 122
80 40
33 21
98 82
80 99
20 156
147 181
145 49
76 54
81 103
31 51
153 70
100 160
120 9
164 36
133 178
96 140
31 65
56 135
178 181
183 20
56 171
182 12
1 160
60 131
11 117
76 87
109 87
2 96
192 73
28 91
10 144
159 57
106 83
151 158
163 174
73 164
166 99
77 123
83 150
46 22
114 32
76 30
39 109
177 131
81 48
112 22
16 9
108 113
165 196
60 77
186 63
74 137
109 159
60 96
6 88
82 164
29 79
84 76
162 123
112 80
71 15
134 88
121 110
81 97
87 66
73 104
126 166
8 189
75 6
130 58
118 158
124 178
199 94
158 59
191 16
105 193
148 146
90 51
97 117
142 182
199 173
136 56
93 181
59 2
196 60
35 23
123 87
173 39
75 117
165 76
171 183
100 185
111 89
21 127
69 136
97 118
80 72
16 119
42 108
107 47
140 163
49 144
180 131
195 104
133 129
45 79
189 167
172 158
34 162
148 73
198 4
192 111
101 16
114 84
4 20
88 102
142 33
93 24
172 74
31 111
176 153
172 55
25 18
98 17
120 170
180 53
184 140
45 11
2 160
166 163
91 185
35 74
139 173
51 121
32 156
116 130
189 11
91 47
186 183
196 149
51 188
33 79
81 74
138 58
182 82
25 184
6 192
81 93
174 167
104 134
85 55
194 105
58 191
186 116
167 117
119 42
144 158
79 16
10 76
124 111
193 50
118 33
41 119
10 118
43 98
68 184
199 119
50 188
166 3
5 171
124 25
200 115
69 60
156 8
159 19
198 99
171 40
66 189
61 103
96 148
10 172
67 200
50 142
34 21
138 106
53 37
41 15
192 10
182 49
173 95
125 98
111 64
166 131
29 26
76 152
84 200
78 59
28 19
22 87
46 6
140 172
73 141
24 101
109 22
51 114
63 79
162 46
23 136
180 160
171 159
93 154
158 122
93 99
80 63
110 190
5 153
103 94
77 74
185 84
74 27
60 106
135 25
15 132
147 198
82 148
40 132
30 140
52 2
60 111
33 80
93 88
4 161
99 74
78 127
2 5
144 8
3 70
78 185
85 117
105 116
171 90
131 34
121 197
88 85
41 181
26 129
41 73
193 82
117 186
39 135
41 43
126 6
38 107
181 151
80 62
161 158
191 36
162 137
63 32
173 27
170 89
121 12
156 52
196 153
133 109
192 144
146 152
9 77
55 71
151 94
52 197
13 31
124 7
131 128
20 76
109 145
149 163
141 196
90 196
96 87
142 1
62 182
46 26
20 51
118 31
105 135
75 130
90 189
57 46
14 181
165 168
198 121
115 34
142 82
183 38
26 170
194 111
55 47
53 101
24 13
163 63
172 117
102 194
159 68
110 63
64 9
194 103
118 2
111 106
37 31
43 21
93 15
10 178
137 89
22 153
61 68
52 93
42 142
89 54
112 94
77 117
123 99
169 123
48 17
122 112
94 173
38 17
187 195
112 72
85 115
135 198
47 52
7 47
114 152
35 85
86 53
49 99
106 180
100 92
161 172
129 121
83 91
9 148
159 185
45 149
129 123
174 117
193 43
163 200
42 113
185 129
190 180
109 49
160 175
84 88
108 10
122 150
31 41
29 6
130 82
71 182
168 80
22 143
39 118
135 44
152 91
135 138
71 112
164 199
146 110
123 121
83 135
98 69
144 64
189 191
10 25
185 171
78 47
42 185
170 11
105 115
142 151
152 50
32 197
35 153
78 81
19 162
15 90
70 150
171 146
185 161
59 124
157 54
58 29
127 9
180 161
131 97
99 117
180 34
16 146
90 35
191 84
149 69
120 116
157 141
188 197
149 54
129 199
69 83
2 189
138 52
66 18
195 2
179 157
142 12
187 136
67 160
91 4
91 70
165 170
186 170
160 37
91 182
107 198
48 40
70 162
176 121
144 91
105 46
172 23
139 170
90 36
123 124
116 176
57 104
191 130
66 187
188 21
156 23
190 73
74 24
27 137
153 13
132 140
39 119
131 107
169 74
134 125
175 132
74 67
124 23
82 63
50 174
143 168
8 22
37 159
16 23
136 30
184 101
65 172
1 47
192 131
131 194
156 57
187 26
125 195
1 177
105 80
165 151
80 120
67 194
188 42
15 164
55 5
100 193
39 147
82 35
131 83
61 89
1 125
131 120
54 167
110 80
100 117
91 85
64 174
130 39
176 194
49 1
162 35
200 188
51 195
154 191
192 110
56 188
162 158
183 45
183 128
74 142
200 156
51 27
50 93
165 115
70 69
62 150
200 198
190 81
89 70
103 136
172 109
152 75
186 66
119 107
18 6
167 71
156 142
86 159
100 194
153 189
68 175
59 157
51 99
165 153
93 123
74 73
75 76
149 159
7 79
159 91
22 160
21 95
154 166
200 71
165 125
135 97
145 198
169 64
139 106
114 141
146 178
68 77
168 124
121 42
121 26
79 27
130 135
69 135
54 126
68 197
51 157
72 63
171 118
169 143
187 49
81 38
36 40
3 133
155 149
42 103
127 143
72 15
184 164
143 39
11 46
182 97
186 105
57 53
126 71
70 31
64 183
113 38
65 179
27 104
50 111
183 191
83 42
65 36
69 126
92 196
67 29
107 71
141 146
118 88
15 56
106 131
141 183
10 142
78 62
60 25
132 110
164 20
16 22
19 68
193 118
65 14
137 26
99 134
61 40
38 160
58 60
172 69
132 186
92 55
8 196
146 153
62 149
190 105
125 34
188 173
188 165
57 44
106 157
186 150
109 7
10 184
69 43
155 195
60 66
132 66
91 193
130 66
57 137
171 147
165 143
61 10
103 161
55 39
8 13
99 58
95 1
46 99
177 46
36 198
31 44
179 42
157 104
193 157
105 11
31 128
65 91
191 21
86 111
181 71
31 137
102 178
84 172
115 90
97 50
98 66
124 83
184 5
135 161
30 149
79 193
92 190
48 124
37 34
102 38
3 135
21 176
120 145
93 87
102 104
64 39
185 88
78 132
162 155
162 27
98 163
27 188
139 175
7 39
104 105
58 200
197 99
169 65
27 129
197 148
172 67
13 42
137 90
14 155
68 195
105 141
51 23
183 155
153 127
94 83
193 160
151 134
200 145
36 192
183 192
11 44
104 143
197 149
156 11
27 81
130 176
116 42
68 6
121 186
18 57
52 105
106 117
174 77
54 109
177 45
200 170
58 24
85 65
10 37
143 148
45 4
139 25
173 92
167 197
168 11
23 11
36 133
57 56
128 10
101 74
188 149
12 21
174 73
47 64
11 48
57 178
46 136
34 150
7 35
119 72
76 176
4 90
181 36
20 55
90 14
124 117
177 63
137 126
98 75
180 193
174 96
27 166
65 100
163 111
58 107
22 169
35 30
165 189
32 141
157 58
120 17
63 57
155 181
46 163
65 103
157 46
147 51
85 198
20 71
178 5
95 14
41 92
136 20
98 70
83 144
198 30
79 162
51 82
6 76
120 169
23 53
168 40
14 172
70 181
134 157
36 33
78 80
192 94
60 68
22 80
37 114
84 37
184 78
98 119
139 9
177 39
187 52
162 153
61 33
44 145
186 9
106 15
125 42
22 32
191 129
124 182
138 50
54 138
5 111
27 200
126 134
123 137
194 108
126 139
89 115
33 135
104 165
183 173
137 192
15 61
76 194
1 152
168 83
96 4
144 121
12 194
59 117
92 187
38 25
160 186
49 159
129 101
128 70
90 29
124 153
91 123
99 15
160 89
157 107
60 59
88 123
25 89
9 177
160 154
69 15
196 94
138 18
186 39
72 128
4 84
48 51
166 56
130 148
189 181
145 71
100 98
137 119
55 126
19 107
37 70
159 139
97 26
165 50
113 127
103 53
40 63
113 82
176 113
54 180
31 150
148 64
142 16
59 197
76 185
28 177
115 78
56 132
194 80
175 39
176 36
167 160
100 54
155 140
108 62
5 38
54 71
172 21
99 158
142 31
187 141
16 120
183 15
59 166
148 74
134 197
28 100
57 60
84 108
155 176
16 130
46 61
96 191
162 101
13 139
130 10
167 144
77 134
189 155
56 69
30 114
137 10
197 143
125 69
7 15
60 51
132 200
100 27
16 21
56 177
142 188
97 54
76 15
143 186
63 120
25 141
78 83
117 137
199 140
125 24
75 91
158 147
121 104
59 86
77 132
117 114
8 58
50 145
119 188
163 37
168 75
186 177
164 2
128 14
140 33
54 134
1 25
67 196
184 51
184 195
52 90
127 100
96 28
163 58
42 73
81 149
58 141
15 172
61 34
192 89
120 186
41 136
169 140
170 53
110 102
1 196
90 149
99 191
107 170
171 84
106 135
125 164
60 48
38 34
100 196
117 43
69 146
88 133
41 44
110 46
154 78
117 128
113 16
47 108
14 12
57 131
114 198
166 161
114 191
105 68
158 110
131 54
162 199
197 24
59 177
5 6
37 175
134 15
147 87
14 57
88 160
131 22
180 83
71 97
71 70
145 91
130 70
1 29
169 72
127 49
95 25
99 21
168 70
165 114
101 126
102 67
129 83
28 1
140 178
59 145
114 133
181 126
45 173
185 175
193 17
51 26
197 34
133 199
133 171
122 166
86 69
186 142
100 84
116 122
59 91
137 173
193 62
4 191
178 54
101 138
3 172
199 116
109 180
122 20
132 128
108 140
111 161
167 67
147 200
107 98
173 118
59 139
125 174
60 119
119 83
64 100
59 74
186 193
121 62
133 186
105 33
61 178
86 103
187 93
164 101
83 176
102 116
175 147
23 91
151 139
51 79
65 147
108 130
144 130
72 158
190 128
53 142
106 93
52 176
156 47
106 20
37 152
94 4
65 126
87 165
150 8
70 121
65 67
47 41
159 66
47 152
177 183
136 3
45 127
46 47
139 113
7 158
172 163
24 6
116 162
18 68
104 197
154 138
76 193
106 99
163 20
45 136
64 192
30 77
115 32
89 187
51 119
76 187
7 127
111 80
30 125
16 166
141 110
116 19
83 33
28 27
2 26
144 60
130 71
173 5
89 50
181 82
115 130
12 56
170 100
139 191
45 157
193 13
122 161
124 194
137 56
174 55
79 183
171 104
79 126
6 160
43 78
117 72
71 122
183 83
11 21
149 21
113 144
24 169
154 52
99 7
39 103
104 116
11 154
164 104
147 69
180 33
75 170
54 59
57 78
54 148
53 87
180 130
100 95
47 146
149 47
23 88
14 82
138 148
153 138
82 87
22 185
6 37
192 90
3 22
8 108
72 82
151 90
168 97
7 114
176 80
34 57
190 197
149 24
43 182
47 124
3 26
74 85
105 126
7 179
16 96
110 93
192 109
112 33
35 103
173 125
66 100
3 110
95 60
18 42
3 46
168 158
63 27
103 10
107 41
113 55
172 173
15 25
118 167
67 3
165 173
116 188
191 119
192 145
119 130
88 60
106 2
137 153
62 89
23 39
186 26
137 114
7 159
158 34
176 56
150 55
147 165
84 13
33 18
8 161
154 139
56 82
8 65
143 59
94 186
61 77
135 46
65 114
20 143
116 9
168 58
166 189
39 158
116 46
161 34
87 200
171 66
22 182
22 59
50 136
94 20
153 173
172 133
22 168
184 53
7 143
197 7
144 153
58 7
125 120
188 45
151 6
199 6
137 77
164 167
140 68
43 82
123 149
57 175
191 63
76 53
123 42
69 190
173 117
48 169
113 105
168 199
156 31
156 16
99 10
199 105
52 54
151 18
35 18
63 90
31 55
134 103
148 38
125 20
151 177
68 46
75 89
116 195
33 39
178 100
175 105
40 29
178 55
96 126
173 191
165 65
24 80
48 128
62 163
76 189
186 46
147 72
161 80
78 187
138 112
57 146
199 23
151 75
51 29
49 35
18 118
83 142
106 6
37 40
58 188
63 17
105 125
120 153
75 93
40 76
182 20
114 120
181 31
59 34
134 128
35 165
166 160
53 190
174 6
187 74
148 35
22 145
82 80
94 82
65 6
31 21
86 3
50 103
193 44
93 166
16 77
119 182
9 28
165 83
123 200
123 41
73 182
26 131
74 97
169 84
163 181
2 123
16 84
65 81
159 169
134 111
12 138
163 66
47 38
187 102
200 18
39 194
64 151
43 54
48 108
139 3
144 171
26 110
93 144
74 109
70 180
94 150
121 58
100 111
86 106
108 158
86 165
169 176
140 26
46 189
41 177
16 82
82 191
142 179
172 152
162 164
150 33
158 145
63 179
109 128
186 138
89 134
112 17
178 23
48 152
60 26
93 162
21 44
196 129
83 122
183 170
93 170
150 184
155 22
149 83
28 136
17 137
52 23
28 22
43 58
41 18
83 184
71 60
15 180
126 81
21 102
135 34
175 72
19 119
74 105
128 23
162 75
11 13
147 91
188 138
53 24
68 25
26 165
18 27
162 17
111 123
189 137
83 51
130 181
149 157
163 191
35 40
32 25
41 182
190 150
186 141
75 31
24 131
188 9
172 143
117 14
95 152
31 39
82 31
67 142
100 87
155 83
70 184
140 91
168 150
52 98
3 157
157 19
140 109
52 142
171 103
192 18
84 153
93 6
91 177
54 41
58 117
170 60
153 93
36 30
151 194
72 42
7 48
30 185
121 47
193 120
3 15
54 129
165 58
122 134
176 112
52 42
54 175
58 44
99 170
162 57
189 93
190 158
153 110
161 162
126 120
80 11
186 174
124 170
113 177
189 159
143 99
39 105
37 51
63 74
187 109
122 38
141 170
90 8
115 166
191 179
79 5
76 35
38 129
138 63
169 51
199 56
136 180
157 138
184 1
4 181
123 117
180 138
200 39
99 5
35 106
31 175
47 126
93 92
158 94
47 114
179 76
16 89
89 42
121 86
146 198
151 148
143 79
144 7
95 178
190 50
113 57
180 40
176 100
104 111
69 157
12 189
116 54
130 41
150 18
162 187
49 28
166 124
76 157
11 176
90 68
106 90
194 2
59 51
116 98
161 192
33 175
124 197
44 195
176 172
133 104
103 152
27 131
49 82
137 65
62 164
51 109
174 118
68 192
34 20
135 191
189 71
132 38
134 166
18 173
109 106
197 199
163 80
61 169
172 94
33 163
146 181
77 138
91 131
198 110
25 118
20 141
194 162
150 69
162 129
57 47
144 54
3 103
58 173
140 5
48 112
150 88
95 16
137 110
68 161
179 40
127 53
120 87
165 130
154 159
69 113
111 172
33 102
105 53
82 111
52 110
110 37
73 1
28 165
95 58
9 33
24 175
153 185
125 118
57 163
86 5
34 91
28 138
53 193
102 98
183 108
106 40
78 38
99 66
140 34
53 11
165 53
27 25
99 179
122 123
57 20
194 191
184 93
131 199
3 91
12 174
166 25
125 128
96 109
158 170
7 38
174 68
137 191
95 125
137 46
136 72
61 137
50 117
116 107
67 54
118 37
6 186
161 36
144 182
37 93
64 21
73 54
102 196
39 90
113 53
54 12
146 192
45 3
64 115
64 35
64 89
11 119
165 48
8 82
71 117
94 131
68 75
164 166
80 55
197 97
21 49
192 12
131 170
59 187
90 83
84 52
153 172
96 15
125 27
198 176
165 183
129 1
199 25
169 126
54 186
74 44
60 151
178 162
87 185
44 155
198 124
37 176
54 81
100 184
20 96
182 33
166 197
84 151
99 1
97 142
157 13
195 129
60 143
145 96
184 64
42 44
72 131
142 72
128 192
131 25
143 126
189 63
73 16
156 185
162 2
151 102
102 162
75 200
193 81
95 77
191 162
18 177
133 26
70 87
115 61
85 191
65 38
157 91
87 125
72 192
68 79
106 133
121 138
67 21
47 188
195 58
1 172
72 103
63 133
193 199
45 133
80 19
109 142
146 23
200 81
135 168
65 71
132 162
144 29
123 80
107 179
62 36
118 67
41 132
138 23
99 34
3 44
160 132
15 165
67 105
125 177
159 148
34 16
177 34
38 198
8 38
136 155
126 95
41 72
54 107
26 193
144 125
150 85
132 159
39 163
14 139
162 97
58 14
77 198
105 87
110 195
128 140
2 13
69 64
52 6
180 26
46 86
47 145
120 168
45 26
80 197
109 156
117 93
188 62
8 168
198 63
132 52
190 171
79 116
180 123
124 18
187 9
182 194
50 172
30 103
195 95
26 16
173 115
95 106
50 51
118 128
46 128
24 67
112 52
123 8
167 1
67 93
104 132
192 80
27 46
44 160
194 110
24 112
145 195
40 169
148 36
50 38
48 50
20 198
168 195
108 143
122 45
128 196
69 181
134 9
108 36
200 179
172 145
17 119
145 10
134 139
105 132
155 126
156 100
54 188
180 128
43 45
19 31
173 56
120 22
130 24
169 106
71 103
189 75
48 80
124 88
177 100
138 56
120 158
189 176
119 132
179 143
138 16
22 124
26 190
166 191
55 24
83 174
138 42
1 116
40 155
198 127
169 133
37 172
102 154
27 89
67 64
10 39
46 96
86 151
192 4
158 62
175 28
65 175
16 36
191 74
12 78
37 28
151 67
131 35
175 133
8 145
140 159
141 160
69 77
138 196
93 21
27 67
187 113
177 115
42 80
89 143
105 79
175 5
13 78
10 11
53 45
127 195
163 26
178 106
156 129
131 188
89 180
107 176
181 11
63 151
141 155
39 73
16 167
76 55
109 125
192 25
144 117
200 24
71 17
135 45
2 150
155 77
182 84
156 77
154 57
110 1
152 178
47 35
8 154
63 37
81 46
91 54
165 12
95 139
166 72
176 129
134 51
147 100
175 162
42 166
47 30
65 10
165 13
148 150
58 20
21 125
119 12
7 162
71 29
35 17
197 138
1 79
5 72
75 174
141 17
68 113
126 196
63 93
28 74
87 152
128 177
34 82
160 48
116 57
93 46
174 25
125 142
162 131
84 178
8 66
86 174
5 57
84 133
165 112
53 199
193 27
138 65
157 34
128 133
176 13
113 156
95 110
98 121
76 81
156 187
163 184
117 89
38 3
38 128
3 99
190 66
119 91
145 104
55 167
114 39
109 184
184 59
126 32
150 104
164 92
27 72
107 22
88 5
153 106
163 68
193 197
174 87
113 172
182 13
146 122
174 165
124 131
30 156
32 44
198 174
1 38
48 178
122 129
114 188
4 43
112 45
50 90
25 142
77 120
45 108
99 194
130 85
30 62
190 134
165 27
21 76
127 126
122 60
166 118
51 33
74 52
37 73
122 36
178 129
80 134
81 11
122 65
150 145
156 165
90 188
12 155
104 193
95 80
113 89
129 52
136 111
94 145
139 43
165 89
189 187
146 137
52 198
147 99
151 178
183 114
58 179
166 101
69 93
22 90
49 178
7 172
160 194
68 118
100 197
194 140
97 130
143 159
41 110
115 67
170 151
165 64
82 159
83 73
9 167
167 150
3 169
52 179
190 14
26 148
148 83
178 26
136 74
183 109
41 175
188 180
14 106
104 139
91 76
28 66
101 60
132 88
82 71
117 164
46 191
102 152
67 185
167 146
164 189
55 57
48 35
67 180
56 161
2 185
50 128
135 118
140 102
119 70
97 8
70 111
157 131
164 7
98 192
52 186
65 41
38 33
27 161
158 53
59 142
107 55
122 171
24 87
23 108
61 72
92 152
161 53
131 31
108 95
39 40
81 111
92 99
167 89
124 35
112 51
162 20
156 91
134 95
29 93
115 162
192 134
51 118
199 1
164 55
132 62
172 166
60 152
80 91
54 184
75 199
79 58
50 129
81 165
128 104
61 160
98 29
155 156
107 34
125 4
167 81
128 84
133 111
58 132
73 19
64 109
33 145
135 91
21 143
199 147
37 197
178 167
166 151
1 122
173 13
163 104
151 167
85 20
66 162
111 46
141 144
58 66
43 187
148 51
185 152
76 131
180 85
158 22
10 151
157 84
7 52
38 124
76 190
8 83
93 61
61 128
90 163
1 13
63 54
36 171
94 40
57 164
38 13
55 101
124 68
94 99
158 132
77 176
111 186
179 154
111 54
105 197
41 9
13 43
82 157
1 22
133 189
176 49
185 28
115 110
42 199
25 117
95 140
118 105
84 20
19 98
54 160
86 129
42 96
137 40
132 145
60 195
183 159
134 35
122 113
153 109
58 88
139 28
88 166
43 77
17 59
180 200
134 102
67 163
64 119
192 130
57 48
128 77
110 118
6 94
46 149
39 184
86 22
200 99
18 154
17 179
15 95
111 40
10 83
107 81
167 86
36 116
162 28
2 139
60 7
98 175
114 151
144 77
147 21
148 57
118 184
92 77
189 147
102 177
4 12
137 176
197 130
62 39
186 180
51 185
68 100
172 139
59 58
54 170
194 198
88 87
139 120
88 16
128 158
146 131
181 33
18 82
124 149
80 149
194 106
157 189
177 98
12 20
20 193
43 140
171 148
182 23
149 112
10 88
50 7
122 110
42 91
104 186
36 41
132 79
114 6
87 47
72 39
43 48
172 33
56 47
103 59
21 7
192 105
174 84
172 121
18 193
30 54
36 37
181 174
100 124
2 4
92 13
138 165
199 109
141 91
146 4
42 1
171 139
68 89
189 94
3 174
37 198
121 60
81 142
12 51
61 122
3 61
20 81
78 42
161 187
85 133
61 135
196 199
160 79
84 81
98 18
72 174
58 3
132 55
140 135
160 29
84 83
67 55
195 138
55 94
69 82
126 48
108 19
167 91
122 137
86 195
168 129
112 156
42 128
52 107
112 65
196 76
196 80
153 47
7 152
86 125
157 12
12 8
107 29
180 39
33 81
21 81
70 65
161 23
130 32
127 179
97 4
119 57
5 120
102 56
98 108
156 161
5 42
135 171
43 16
181 177
191 116
24 12
49 26
30 104
147 92
4 106
199 195
126 9
182 63
61 36
157 102
170 134
139 64
46 25
27 191
130 168
152 160
161 87
92 9
139 125
122 159
114 49
3 116
129 183
88 153
75 106
58 128
2 9
44 12
88 184
90 65
69 118
69 145
34 156
126 35
74 145
100 158
120 190
199 86
121 39
128 145
157 170
159 176
160 53
158 60
112 20
161 90
170 20
59 11
6 57
6 35
75 99
41 89
168 138
172 40
122 42
130 100
142 47
103 151
160 121
53 148
132 83
112 190
127 87
101 39
52 9
155 54
29 199
9 93
153 114
23 134
187 33
171 12
46 12
79 151
5 192
19 74
174 42
188 32
68 56
171 165
164 91
55 58
135 195
183 86
23 41
158 112
151 83
95 147
178 71
45 32
68 141
91 128
52 134
38 188
7 149
172 125
41 60
24 78
31 85
147 105
4 119
167 23
78 172
157 30
75 118
112 26
152 106
10 116
30 80
105 161
43 138
84 11
92 50
183 125
22 165
33 156
66 155
143 62
12 32
56 8
172 76
112 50
93 178
151 43
34 10
2 92
145 142
200 171
14 101
182 58
62 28
83 35
162 104
144 59
55 100
8 114
31 90
139 109
134 159
185 56
170 127
182 177
14 185
65 144
100 148
10 9
7 97
34 128
114 147
48 167
70 38
90 21
128 68
164 172
153 45
157 122
181 88
75 169
20 186
160 58
71 119
161 106
145 102
181 77
171 173
96 18
115 9
7 66
9 59
142 175
48 89
154 199
175 194
66 43
157 144
159 50
82 53
46 125
18 40
82 166
22 114
176 142
3 84
138 116
187 114
38 153
179 139
102 172
106 150
77 131
40 114
77 53
56 76
8 50
127 166
191 72
51 76
101 193
170 106
134 49
58 57
170 92
167 169
141 148
18 185
191 6
9 197
125 65
193 167
77 118
52 87
150 38
159 131
140 148
158 88
88 199
51 46
187 158
130 11
37 46
83 27
57 82
192 74
50 9
109 56
71 87
51 127
45 161
77 33
159 114
113 192
88 142
139 72
85 22
123 194
62 105
146 197
13 89
114 38
70 112
171 64
127 48
27 106
103 159
87 171
95 150
175 61
120 148
39 82
158 133
124 20
121 181
25 70
162 81
12 64
69 179
79 90
188 184
97 31
39 162
64 136
24 111
8 48
179 111
12 105
74 23
7 25
72 50
190 7
57 172
58 152
36 80
46 48
113 106
93 186
142 34
22 186
50 198
122 58
125 108
9 23
123 141
68 182
74 25
12 19
51 150
162 23
32 8
126 152
17 54
8 133
152 99
22 30
151 61
195 4
6 139
46 94
180 151
92 167
107 196
98 55
98 171
181 26
1 57
41 178
188 123
97 164
54 120
178 31
165 49
63 21
121 188
119 156
15 177
28 90
173 197
180 166
199 138
36 194
34 200
80 81
48 181
149 34
57 196
58 67
138 94
16 173
177 117
119 101
62 190
170 86
122 12
95 194
97 184
192 78
131 33
132 49
72 171
93 72
145 17
137 129
36 120
13 175
132 8
137 53
111 174
146 11
20 109
124 33
77 7
1 34
24 34
39 37
82 128
85 128
128 66
176 200
92 103
176 128
111 180
39 170
24 7
36 50
136 198
184 20
96 104
121 165
75 175
113 115
114 184
63 78
148 184
167 97
29 153
64 189
106 148
1 78
88 156
85 155
26 113
40 173
64 27
133 72
186 33
77 165
55 121
28 36
20 82
168 14
126 124
156 92
102 14
121 192
159 165
169 92
8 163
134 46
96 128
22 180
78 69
15 193
190 37
52 151
100 48
156 128
154 150
53 52
18 128
172 16
195 48
111 38
100 91
169 103
63 4
94 139
63 52
53 78
39 14
54 14
166 94
42 30
88 57
98 9
11 91
117 44
30 182
18 11
173 169
74 196
116 84
62 134
25 147
24 26
131 164
168 127
156 87
75 159
23 98
78 186
78 67
118 95
134 106
86 54
195 71
169 127
141 89
112 7
180 178
156 81
104 173
132 4
174 52
2 88
89 195
39 127
46 79
128 122
182 80
155 59
54 174
76 61
177 123
59 121
81 169
145 178
66 25
194 13
157 130
102 198
180 98
45 37
162 200
181 30
126 20
150 76
14 162
141 81
184 159
189 32
133 81
107 6
103 156
100 189
171 126
134 107
141 67
68 78
200 97
76 109
103 131
160 92
147 70
164 200
195 157
123 49
61 4
119 164
189 116
100 81
91 43
121 67
199 57
33 159
13 21
49 196
22 151