100
33 31 22 56 25 55 23 46 48 53 34 29 68 26 44 53 52 62 52 56 57 21 35 42 54 47 65 53 41 37 28 39 56 44 50 47 65 23 68 28 49 38 35 24 25 36 23 67 17 35 54 39 23 62 58 63 22 18 56 25 63 59 29 38 27 18 18 31 54 45 25 58 24 33 20 32 60 19 34 43 51 40 31 55 56 65 64 44 64 44 19 25 60 38 26 43 19 25 47 54
15
43 69 35 69 61 69 68 70 68 68 69 33 56 69 69
45
17 95
39 72
38 55
12 63
94 53
49 7
60 15
25 14
18 66
8 12
36 43
22 24
63 13
26 57
84 51
97 72
10 69
34 2
25 58
60 36
23 80
50 35
61 52
42 32
38 16
81 70
100 28
66 1
94 93
43 72
79 34
74 59
92 89
97 92
65 67
3 13
66 37
24 73
36 48
48 97
29 55
53 91
17 77
26 49
12 57