200
30 37 34 36 44 28 44 21 20 26 44 43 36 39 34 22 24 38 35 50 25 28 18 26 19 29 18 32 47 24 29 41 38 20 32 35 26 17 37 23 38 24 39 45 50 23 48 27 49 36 35 17 44 48 44 38 32 45 50 28 19 19 42 35 20 32 38 19 43 32 27 17 45 44 32 18 35 43 34 27 29 44 24 21 26 41 48 36 39 50 35 17 25 45 22 27 35 38 46 22 30 22 43 26 50 17 30 49 40 50 31 43 20 32 36 38 18 34 23 36 40 42 27 31 32 34 25 39 19 19 43 38 39 42 35 46 33 25 20 31 43 20 48 35 31 45 42 40 30 32 20 38 34 49 30 19 22 20 41 40 34 18 39 43 48 43 19 41 28 27 22 48 38 18 17 17 38 36 40 46 17 41 46 23 24 23 37 49 28 25 41 46 24 44 22 27 40 41 19 29
25
53 40 52 50 52 50 51 53 43 50 45 30 32 53 51 52 52 53 37 51 42 51 43 50 52
1000
106 19
126 56
157 139
49 185
110 199
91 60
18 149
21 157
152 95
175 114
47 130
131 153
112 129
29 137
171 54
199 196
79 61
171 79
159 163
89 13
140 162
194 172
132 5
37 159
92 11
148 48
6 197
39 49
3 76
145 60
196 45
75 35
189 111
60 100
84 160
183 173
145 88
123 169
88 93
154 32
191 60
141 34
84 168
148 27
73 194
37 131
60 46
195 160
142 12
189 86
168 196
5 1
190 64
164 173
102 106
137 66
135 92
17 41
175 174
68 101
44 29
143 111
165 38
189 79
131 186
46 17
145 157
106 78
43 83
34 110
47 27
17 3
160 1
93 3
200 187
55 123
182 85
6 52
152 22
35 121
42 5
152 158
91 125
160 190
39 44
183 73
162 124
3 170
13 168
177 78
16 93
85 38
106 171
70 142
46 78
19 197
109 144
191 68
141 46
134 186
50 177
40 44
122 126
119 5
73 140
42 158
122 10
120 31
30 70
22 10
82 172
72 12
198 93
12 21
21 138
198 189
153 173
152 177
66 88
92 112
105 35
163 12
103 110
134 47
129 184
123 189
200 5
101 163
189 21
10 89
50 80
196 157
184 124
27 136
74 162
185 123
165 52
41 106
69 192
40 73
35 162
78 34
152 46
193 56
200 53
196 164
17 35
71 181
110 113
83 77
47 177
159 32
190 77
131 19
134 183
65 55
132 54
137 34
21 83
168 59
94 46
33 178
90 91
68 48
2 96
91 175
160 178
67 22
170 7
101 200
150 111
44 76
173 191
166 132
18 121
1 64
58 42
118 20
67 29
110 65
31 80
2 176
173 171
116 14
184 55
97 121
170 86
122 182
114 9
200 45
62 6
154 50
94 85
112 141
14 48
16 122
80 167
77 156
89 97
52 27
115 185
27 169
111 1
126 17
120 144
185 178
114 122
36 121
174 62
19 154
158 111
55 147
2 136
171 43
147 102
150 100
85 92
79 91
137 104
108 118
184 115
177 36
132 115
144 17
105 139
121 123
173 28
40 141
67 48
3 195
32 132
100 159
127 62
180 76
16 55
114 64
100 36
98 112
112 114
190 123
148 29
147 118
135 164
127 89
126 44
73 172
139 195
80 92
87 116
66 127
115 47
107 56
126 72
105 85
109 148
6 187
120 173
57 20
157 180
27 128
137 140
170 22
53 157
190 114
1 90
192 109
153 198
132 41
42 166
26 68
138 45
70 50
149 50
148 122
116 186
156 48
46 122
168 170
9 6
66 144
95 34
79 179
33 157
196 13
158 71
51 20
140 193
6 67
45 181
113 138
184 88
49 123
71 45
125 111
103 111
154 114
174 171
106 159
184 47
58 162
146 166
99 163
185 126
151 106
41 147
47 29
6 189
2 68
2 58
198 132
41 34
54 53
89 133
184 89
170 176
25 150
126 117
200 191
69 122
47 136
111 22
10 50
44 140
184 8
30 60
186 90
167 120
96 40
194 107
187 91
119 47
112 133
190 7
14 133
27 12
31 172
121 183
53 162
86 183
96 89
63 28
155 88
54 138
171 39
121 181
155 195
99 68
75 141
48 111
72 199
113 6
128 172
24 154
22 95
132 106
137 129
92 34
59 24
159 20
193 130
166 45
154 99
166 25
97 88
177 22
189 184
111 9
9 197
23 106
106 1
56 82
157 174
81 25
111 65
188 175
17 71
7 20
92 192
25 161
7 173
133 33
64 8
185 86
163 31
131 109
84 124
55 133
63 39
68 13
140 113
63 181
77 29
15 75
2 46
63 155
124 4
193 164
162 14
175 70
160 117
41 166
174 187
124 141
138 154
38 43
14 184
34 23
126 59
62 59
73 152
31 129
189 85
14 156
53 63
60 126
198 175
144 111
1 181
1 8
24 92
109 120
124 50
35 22
183 131
38 174
181 80
92 18
31 138
194 184
57 142
192 123
200 160
133 4
89 3
182 15
88 42
111 147
86 160
175 143
1 178
162 119
106 167
136 154
136 145
101 14
174 199
161 128
120 30
156 40
198 130
6 60
167 18
198 50
173 64
55 156
172 19
69 101
65 189
185 171
107 69
58 66
52 34
74 57
168 179
147 113
102 92
184 183
126 149
120 79
46 88
114 153
103 172
19 121
143 4
157 104
64 132
157 75
176 47
15 121
200 157
179 117
106 145
80 51
119 26
34 39
44 19
64 123
82 36
151 172
177 10
171 67
29 89
140 26
53 36
64 143
53 105
70 115
130 56
154 117
167 158
31 18
42 60
65 176
143 153
66 57
154 26
193 137
56 172
65 63
24 116
2 29
82 192
115 18
24 91
42 30
65 138
63 56
43 36
191 177
183 197
31 166
197 32
71 171
174 176
101 46
150 174
190 79
142 153
171 109
171 113
146 114
22 62
100 72
13 6
175 52
185 139
38 139
154 4
178 98
192 28
131 135
170 194
162 194
73 48
121 71
131 176
84 52
159 129
78 161
11 135
118 154
144 123
180 194
185 33
70 156
107 4
105 83
56 133
15 167
97 54
73 134
25 2
17 103
121 114
34 148
37 141
153 117
154 14
105 197
27 72
81 6
63 123
122 3
109 184
110 49
32 133
103 200
125 163
39 57
87 164
185 191
179 184
53 71
25 47
7 77
151 155
142 179
166 4
148 131
128 162
44 79
4 196
104 160
146 72
82 107
120 132
186 31
50 53
88 72
196 194
194 149
198 7
104 183
3 200
151 6
78 176
87 199
52 85
22 147
142 200
124 82
83 136
157 14
107 136
161 73
96 122
130 96
65 94
123 27
53 38
74 103
139 116
178 113
30 199
83 131
119 27
111 84
152 91
9 155
166 177
199 116
33 109
200 43
118 98
54 37
79 198
140 94
99 47
34 72
160 121
128 8
98 150
157 138
12 115
119 180
188 61
23 42
48 150
144 190
190 32
40 12
145 71
8 181
67 198
32 171
105 134
26 188
115 197
67 17
22 107
45 50
55 192
170 18
156 143
94 129
63 71
109 177
9 42
69 153
83 98
177 58
44 64
15 52
18 6
116 43
186 152
87 183
140 62
43 66
41 167
106 128
1 179
144 85
29 108
73 12
51 18
124 89
197 41
71 21
129 84
137 52
15 32
84 103
184 74
16 101
20 134
77 4
118 94
113 24
31 25
53 150
31 52
182 50
191 102
96 45
146 108
164 113
163 14
122 119
2 86
54 105
107 52
198 161
72 61
22 145
119 86
155 75
25 117
159 10
19 60
192 130
147 21
182 98
135 44
7 34
138 184
112 184
159 80
42 121
140 144
180 96
9 136
143 72
149 51
183 13
43 5
16 111
139 29
112 17
156 167
154 59
107 169
77 94
11 131
164 4
61 126
50 60
28 140
88 166
80 126
69 52
107 167
51 199
163 134
103 20
46 45
96 134
151 49
40 31
171 10
198 36
1 80
38 112
50 116
119 52
45 122
134 54
172 152
106 89
142 71
169 165
58 9
99 57
4 86
109 116
75 72
54 87
155 11
136 119
137 46
31 44
29 160
138 16
72 141
126 129
107 42
35 139
146 90
100 86
76 21
190 51
167 6
16 182
80 172
198 45
107 184
150 3
171 189
30 186
36 93
12 7
30 80
33 169
174 40
191 85
176 52
155 110
171 150
4 140
151 124
153 40
166 180
70 99
122 57
189 142
45 24
162 195
68 166
158 70
39 79
177 27
70 15
154 49
5 28
122 63
39 175
142 75
161 66
13 146
13 60
190 29
87 74
115 108
146 110
16 25
167 98
111 44
133 69
119 58
77 70
33 152
178 38
132 109
29 11
44 116
69 131
68 31
69 191
51 138
173 182
105 181
69 46
118 68
196 68
82 151
23 68
58 91
17 191
50 43
85 20
124 138
9 49
168 192
56 142
184 156
60 108
154 80
151 150
151 56
166 147
186 181
72 48
85 2
148 25
34 106
110 131
9 173
9 51
63 89
95 20
170 137
17 29
181 21
75 105
134 53
28 134
61 151
67 59
72 53
102 91
57 68
68 186
139 61
82 70
177 160
22 191
71 8
121 113
188 152
47 151
130 126
29 162
162 123
93 91
199 154
100 8
39 8
111 95
142 174
158 121
175 64
111 107
29 174
61 110
78 198
2 114
64 86
8 97
115 164
112 6
165 196
3 40
45 83
174 177
193 129
23 54
152 117
138 5
24 131
133 34
41 4
140 136
45 37
159 28
166 96
126 42
89 132
79 54
121 99
120 121
60 83
113 174
60 31
76 19
109 19
89 11
154 102
155 46
128 67
120 191
71 30
113 91
152 194
48 25
63 35
107 126
188 39
155 111
65 127
63 47
197 94
188 35
103 193
19 66
89 14
132 116
126 76
82 1
143 91
9 95
74 157
43 181
39 100
115 161
134 176
98 172
17 174
166 176
104 26
167 51
66 10
135 124
41 113
13 3
20 109
123 141
127 173
14 171
80 130
156 25
84 145
167 75
190 47
135 186
118 183
66 89
118 151
7 5
88 143
187 159