50 10
54 51 54 53 52 76 68 67 71 75 62 68 69 65 66 54 51 49 52 52 69 69 69 69 64 43 44 52 45 51 51 56 55 51 57 75 76 81 84 80 55 48 53 48 47 72 64 73 71 71 
57 76 71 54 72 52 58 84 56 73 
491
1 2
1 4
1 7
1 8
1 10
1 12
1 14
1 15
1 18
1 25
1 27
1 28
1 30
1 32
1 35
1 37
1 39
1 40
1 43
1 44
1 45
1 50
2 3
2 6
2 9
2 10
2 18
2 24
2 28
2 31
2 33
2 34
2 35
2 36
2 43
2 44
2 45
2 48
3 5
3 6
3 7
3 9
3 11
3 14
3 15
3 19
3 21
3 24
3 26
3 30
3 31
3 35
3 36
3 39
3 42
3 46
3 49
3 50
4 6
4 7
4 10
4 12
4 16
4 17
4 22
4 36
4 38
4 43
4 46
5 6
5 9
5 14
5 16
5 18
5 21
5 22
5 24
5 27
5 28
5 32
5 33
5 34
5 37
5 41
5 43
5 47
5 48
6 8
6 10
6 14
6 18
6 24
6 27
6 29
6 33
6 34
6 37
6 38
6 39
6 43
6 45
6 47
6 49
6 50
7 14
7 16
7 18
7 19
7 23
7 24
7 25
7 26
7 28
7 35
7 38
7 41
7 44
7 45
7 48
7 50
8 11
8 14
8 15
8 19
8 20
8 21
8 22
8 24
8 27
8 35
8 36
8 37
8 40
8 41
8 44
8 45
8 46
8 49
9 13
9 20
9 21
9 27
9 31
9 38
9 40
9 42
9 43
9 46
9 50
10 12
10 13
10 17
10 18
10 19
10 21
10 22
10 24
10 26
10 28
10 31
10 36
10 41
10 43
10 48
11 12
11 15
11 19
11 22
11 24
11 28
11 33
11 39
11 40
11 45
11 49
11 50
12 14
12 15
12 16
12 19
12 21
12 23
12 24
12 26
12 28
12 31
12 38
12 39
12 40
12 43
12 44
12 46
12 48
12 49
12 50
13 14
13 15
13 16
13 17
13 21
13 22
13 26
13 29
13 30
13 31
13 32
13 36
13 37
13 39
13 41
13 44
13 45
13 47
13 49
14 18
14 21
14 22
14 32
14 35
14 37
14 41
14 43
14 47
14 48
15 16
15 18
15 21
15 26
15 27
15 31
15 32
15 33
15 34
15 37
15 38
15 41
15 42
15 47
15 49
16 18
16 19
16 20
16 24
16 27
16 28
16 33
16 37
16 39
16 42
16 44
16 48
16 50
17 18
17 19
17 20
17 24
17 25
17 26
17 28
17 35
17 36
17 41
17 43
17 46
18 21
18 24
18 25
18 26
18 30
18 32
18 35
18 36
18 40
18 41
18 42
18 47
18 49
18 50
19 20
19 22
19 27
19 32
19 35
19 37
19 40
19 41
19 42
19 43
19 45
19 50
20 24
20 26
20 28
20 31
20 34
20 37
20 38
20 39
20 46
20 47
21 24
21 25
21 27
21 28
21 30
21 32
21 34
21 37
21 38
21 40
21 44
21 45
21 47
22 23
22 24
22 28
22 29
22 31
22 34
22 38
22 39
22 40
22 44
23 24
23 25
23 30
23 31
23 32
23 35
23 41
23 42
23 44
23 45
23 46
23 47
23 50
24 31
24 32
24 35
24 37
24 38
24 40
24 41
24 42
24 43
24 47
24 50
25 26
25 27
25 32
25 34
25 36
25 37
25 38
25 39
25 42
25 48
26 27
26 28
26 29
26 30
26 32
26 33
26 34
26 35
26 43
26 44
26 49
26 50
27 28
27 30
27 31
27 34
27 36
27 45
27 48
27 49
27 50
28 30
28 32
28 34
28 36
28 37
28 39
28 40
28 41
28 42
28 44
28 45
28 47
28 50
29 32
29 33
29 35
29 36
29 40
29 41
29 46
29 50
30 31
30 34
30 36
30 41
30 46
30 48
31 35
31 37
31 43
31 44
31 47
32 34
32 35
32 38
32 39
32 41
32 43
32 46
32 48
32 50
33 34
33 36
33 39
33 42
33 45
33 47
33 49
33 50
34 35
34 36
34 37
34 42
34 43
34 47
34 50
35 37
35 38
35 42
35 43
35 44
35 48
36 37
36 42
36 44
36 47
36 48
36 49
36 50
37 38
37 40
37 41
37 43
37 44
37 46
37 50
38 40
38 42
38 45
38 46
38 49
38 50
39 42
39 48
39 50
40 42
40 43
40 46
40 47
41 43
41 44
41 45
41 47
41 49
41 50
42 43
42 46
42 48
42 49
42 50
43 44
43 45
43 46
44 46
44 48
44 50
45 46
45 48
45 49
47 49
48 49
48 50
49 50